0 0 0 0
0 1 1 1
0 2 0 0
0 3 2 6
0 4 0 4
0 5 2 112
0 6 0 5
0 7 2 9
0 8 2 7
0 9 2 16
0 10 1 156
0 11 1 23
0 12 2 156
0 13 0 191
0 14 2 4
0 16 2 80
0 15 2 25
0 18 2 213
0 17 0 54
0 20 2 133
0 19 1 102
0 22 2 212
0 21 1 192
0 24 2 227
0 23 1 254
0 26 2 264
0 25 0 237
0 28 2 272
0 27 2 257
0 30 2 184
0 29 2 274
0 31 0 279
1 0 0 8
1 1 1 11
1 2 0 8
1 3 2 28
1 4 2 17
1 5 1 12
1 6 0 27
1 7 2 32
1 8 2 120
1 9 2 38
1 10 1 73
1 11 2 45
1 12 2 66
1 13 0 205
1 14 0 121
1 16 2 235
1 15 0 82
1 18 1 171
1 17 0 165
1 20 2 222
1 19 1 173
1 22 2 81
1 21 1 211
1 24 2 182
1 23 1 257
1 26 2 293
1 25 0 284
1 28 2 297
1 27 2 267
1 30 2 246
1 29 2 303
1 31 0 308
2 0 0 17
2 1 0 20
2 2 1 17
2 3 2 18
2 4 0 35
2 5 2 95
2 6 2 59
2 7 1 121
2 8 0 90
2 9 0 99
2 10 2 33
2 11 2 63
2 12 2 49
2 13 2 109
2 14 2 77
2 16 0 77
2 15 0 104
2 18 0 106
2 17 2 68
2 20 2 111
2 19 0 59
2 22 2 115
2 21 0 85
2 24 2 121
2 23 0 87
2 26 0 109
2 25 1 127
2 28 1 128
2 27 0 122
2 30 1 127
2 29 1 128
2 31 0 134
3 0 0 16
3 1 1 38
3 2 0 19
3 3 0 16
3 4 0 30
3 5 0 83
3 6 1 72
3 7 0 73
3 8 0 86
3 9 0 174
3 10 0 89
3 11 0 92
3 12 0 137
3 13 0 43
3 14 1 113
3 16 0 140
3 15 2 150
3 18 0 147
3 17 0 196
3 20 0 222
3 19 0 158
3 22 0 168
3 21 0 187
3 24 2 210
3 23 0 201
3 26 2 224
3 25 2 214
3 28 1 222
3 27 0 178
3 30 0 234
3 29 1 215
3 31 0 238
4 0 0 33
4 1 1 38
4 2 2 46
4 3 0 33
4 4 0 57
4 5 0 59
4 6 0 86
4 7 0 62
4 8 0 69
4 9 0 57
4 10 0 48
4 11 0 46
4 12 1 79
4 13 0 56
4 14 0 68
4 16 0 60
4 15 1 88
4 18 0 95
4 17 0 56
4 20 0 60
4 19 0 78
4 22 0 79
4 21 2 84
4 24 0 94
4 23 1 74
4 26 0 96
4 25 0 88
4 28 0 105
4 27 1 94
4 30 1 102
4 29 0 103
4 31 0 108
5 0 0 38
5 1 0 55
5 2 0 38
5 3 1 184
5 4 0 66
5 5 0 116
5 6 0 134
5 7 0 108
5 8 2 102
5 9 0 145
5 10 0 134
5 11 0 138
5 12 0 174
5 13 0 295
5 14 0 149
5 16 0 221
5 15 0 225
5 18 0 195
5 17 2 167
5 20 0 158
5 19 0 236
5 22 2 296
5 21 2 192
5 24 0 143
5 23 0 281
5 26 0 283
5 25 0 275
5 28 1 228
5 27 0 279
5 30 0 305
5 29 0 307
5 31 0 309
6 0 0 48
6 1 0 96
6 2 2 70
6 3 2 48
6 4 2 158
6 5 1 128
6 6 0 94
6 7 0 243
6 8 2 227
6 9 2 208
6 10 2 217
6 11 0 226
6 12 0 176
6 13 0 252
6 14 0 237
6 16 0 248
6 15 1 238
6 18 1 248
6 17 2 238
6 20 0 133
6 19 0 260
6 22 0 251
6 21 2 206
6 24 0 277
6 23 1 256
6 26 2 263
6 25 2 265
6 28 2 284
6 27 2 280
6 30 0 285
6 29 2 283
6 31 0 291
7 0 0 95
7 1 0 111
7 2 0 95
7 3 0 120
7 4 0 103
7 5 0 141
7 6 0 125
7 7 2 167
7 8 0 130
7 9 0 150
7 10 1 143
7 11 0 153
7 12 0 182
7 13 0 156
7 14 2 164
7 16 1 176
7 15 2 159
7 18 0 186
7 17 0 194
7 20 0 194
7 19 0 184
7 22 0 183
7 21 0 161
7 24 1 189
7 23 2 197
7 26 0 200
7 25 0 204
7 28 0 212
7 27 0 205
7 30 0 211
7 29 1 204
7 31 0 213
8 0 0 94
8 1 0 244
8 2 0 202
8 3 1 94
8 4 0 289
8 5 0 275
8 6 0 389
8 7 2 321
8 8 2 330
8 9 0 345
8 10 2 302
8 11 0 313
8 12 0 292
8 13 1 331
8 14 0 338
8 16 0 380
8 15 1 352
8 18 2 337
8 17 0 360
8 20 2 357
8 19 2 357
8 22 1 382
8 21 1 363
8 24 0 325
8 23 1 364
8 26 0 401
8 25 0 396
8 28 2 367
8 27 2 391
8 30 0 404
8 29 0 403
8 31 0 406
9 0 0 87
9 1 0 421
9 2 0 87
9 3 0 309
9 4 0 377
9 5 0 339
9 6 1 370
9 7 0 362
9 8 0 392
9 9 0 152
9 10 0 386
9 11 0 244
9 12 2 385
9 13 2 318
9 14 0 164
9 16 0 336
9 15 2 364
9 18 0 354
9 17 2 396
9 20 1 406
9 19 1 381
9 22 0 348
9 21 0 401
9 24 0 393
9 23 0 416
9 26 0 422
9 25 0 412
9 28 0 432
9 27 0 421
9 30 0 429
9 29 0 428
9 31 0 434
