0 0 0 0
0 1 1 1
0 2 0 0
0 3 0 0
0 4 0 8
0 5 0 3
0 6 0 18
0 7 0 2
0 8 0 5
0 9 0 1
0 10 0 5
0 11 0 3
0 12 1 7
0 13 1 1
0 14 2 10
0 16 0 22
0 15 0 4
0 18 0 6
0 17 1 16
0 20 1 7
0 19 2 4
0 22 0 8
0 21 0 9
0 24 0 14
0 23 2 11
0 26 0 15
0 25 0 22
0 28 2 23
0 27 0 20
0 30 2 25
0 29 2 23
0 31 0 31
1 0 0 12
1 1 2 12
1 2 0 14
1 3 0 12
1 4 0 17
1 5 1 20
1 6 0 20
1 7 2 21
1 8 0 28
1 9 0 26
1 10 0 23
1 11 0 27
1 12 1 30
1 13 1 32
1 14 0 32
1 16 0 36
1 15 0 34
1 18 2 36
1 17 0 21
1 20 0 32
1 19 1 27
1 22 0 33
1 21 0 34
1 24 1 37
1 23 0 29
1 26 2 38
1 25 1 32
1 28 0 50
1 27 0 45
1 30 0 49
1 29 1 47
1 31 0 55
