0 0 0 0
0 1 0 5
0 2 1 0
0 3 0 1
0 4 0 5
0 5 0 28
0 6 2 123
0 7 0 6
0 8 0 37
0 9 0 11
0 10 1 52
0 11 0 66
0 12 0 49
0 13 2 18
0 14 2 133
0 16 0 141
0 15 2 67
0 18 1 37
0 17 0 121
0 20 0 54
0 19 2 142
0 22 0 158
0 21 2 43
0 24 1 129
0 23 0 110
0 26 2 143
0 25 1 135
0 28 0 161
0 27 2 132
0 30 0 156
0 29 2 152
0 31 0 161
1 0 0 6
1 1 2 6
1 2 1 12
1 3 2 42
1 4 1 80
1 5 1 117
1 6 2 17
1 7 1 93
1 8 2 27
1 9 0 105
1 10 2 130
1 11 2 146
1 12 2 173
1 13 1 114
1 14 2 76
1 16 1 135
1 15 1 48
1 18 2 146
1 17 0 56
1 20 1 157
1 19 2 171
1 22 2 183
1 21 2 183
1 24 2 186
1 23 1 167
1 26 2 197
1 25 2 197
1 28 0 207
1 27 1 199
1 30 2 193
1 29 0 208
1 31 0 208
2 0 0 9
2 1 0 10
2 2 2 10
2 3 1 9
2 4 1 20
2 5 0 24
2 6 1 18
2 7 1 38
2 8 2 30
2 9 2 68
2 10 0 30
2 11 0 45
2 12 0 35
2 13 0 63
2 14 0 31
2 16 2 103
2 15 0 78
2 18 2 84
2 17 1 19
2 20 2 35
2 19 1 74
2 22 2 65
2 21 2 94
2 24 2 56
2 23 0 70
2 26 2 88
2 25 1 102
2 28 1 107
2 27 0 82
2 30 0 119
2 29 2 115
2 31 0 121
3 0 0 40
3 1 1 54
3 2 0 42
3 3 1 40
3 4 1 61
3 5 0 78
3 6 1 63
3 7 0 89
3 8 1 80
3 9 0 71
3 10 0 79
3 11 0 50
3 12 0 83
3 13 2 97
3 14 0 101
3 16 1 88
3 15 0 105
3 18 1 90
3 17 0 87
3 20 0 112
3 19 1 109
3 22 2 92
3 21 2 95
3 24 0 109
3 23 0 111
3 26 0 106
3 25 0 104
3 28 2 114
3 27 0 110
3 30 0 118
3 29 0 117
3 31 0 118
4 0 0 20
4 1 1 20
4 2 1 26
4 3 0 20
4 4 2 22
4 5 2 29
4 6 0 30
4 7 1 31
4 8 0 35
4 9 0 34
4 10 2 40
4 11 0 38
4 12 2 47
4 13 2 38
4 14 1 38
4 16 2 45
4 15 1 56
4 18 2 52
4 17 2 47
4 20 0 66
4 19 0 60
4 22 0 64
4 21 1 53
4 24 2 76
4 23 0 63
4 26 2 69
4 25 1 58
4 28 0 86
4 27 1 76
4 30 2 78
4 29 0 83
4 31 0 86
