0 0 0 2
0 1 0 8
0 2 0 3
0 3 1 2
0 4 1 16
0 5 2 10
0 6 2 7
0 7 2 52
0 8 0 10
0 9 1 97
0 10 2 92
0 11 1 122
0 12 2 5
0 13 0 29
0 14 1 129
0 16 2 136
0 15 2 127
0 18 2 140
0 17 1 133
0 20 2 142
0 19 0 137
0 21 0 151
1 0 0 11
1 1 0 11
1 2 1 11
1 3 1 31
1 4 1 12
1 5 0 54
1 6 0 24
1 7 0 18
1 8 1 71
1 9 0 18
1 10 0 37
1 11 1 26
1 12 0 55
1 13 0 110
1 14 0 21
1 16 0 77
1 15 0 106
1 18 1 116
1 17 0 117
1 20 0 119
1 19 0 116
1 21 0 124
2 0 0 17
2 1 0 22
2 2 0 17
2 3 0 19
2 4 0 18
2 5 0 35
2 6 1 23
2 7 0 41
2 8 1 20
2 9 1 34
2 10 1 77
2 11 0 37
2 12 0 66
2 13 0 99
2 14 1 109
2 16 0 98
2 15 0 88
2 18 0 114
2 17 1 107
2 20 0 101
2 19 0 118
2 21 0 119
3 0 0 24
3 1 1 24
3 2 0 25
3 3 0 26
3 4 2 62
3 5 1 29
3 6 2 37
3 7 2 60
3 8 2 47
3 9 2 70
3 10 0 29
3 11 0 46
3 12 1 80
3 13 1 78
3 14 1 93
3 16 1 82
3 15 2 102
3 18 1 107
3 17 1 93
3 20 1 110
3 19 0 79
3 21 0 111
4 0 0 28
4 1 0 28
4 2 2 39
4 3 0 28
4 4 0 51
4 5 1 31
4 6 0 30
4 7 2 43
4 8 0 75
4 9 0 46
4 10 2 63
4 11 0 96
4 12 1 96
4 13 2 62
4 14 2 91
4 16 0 102
4 15 0 90
4 18 0 103
4 17 2 102
4 20 0 110
4 19 1 107
4 21 0 111
5 0 0 35
5 1 0 35
5 2 2 35
5 3 0 35
5 4 1 44
5 5 2 46
5 6 0 61
5 7 0 52
5 8 2 52
5 9 0 73
5 10 0 66
5 11 0 57
5 12 1 62
5 13 0 73
5 14 0 79
5 16 1 57
5 15 1 79
5 18 2 88
5 17 1 90
5 20 0 95
5 19 0 95
5 21 0 97
6 0 0 33
6 1 0 42
6 2 0 33
6 3 0 33
6 4 0 113
6 5 2 126
6 6 0 141
6 7 1 135
6 8 1 135
6 9 1 142
6 10 1 143
6 11 1 141
6 12 1 146
6 13 1 119
6 14 0 153
6 16 0 155
6 15 2 145
6 18 0 156
6 17 0 150
6 20 0 158
6 19 1 156
6 21 0 160
7 0 0 36
7 1 1 39
7 2 1 43
7 3 1 36
7 4 2 46
7 5 2 43
7 6 1 89
7 7 2 59
7 8 2 67
7 9 0 59
7 10 0 87
7 11 1 84
7 12 2 46
7 13 2 68
7 14 1 76
7 16 2 99
7 15 2 97
7 18 1 132
7 17 2 85
7 20 2 124
7 19 2 123
7 21 0 136
8 0 0 48
8 1 1 49
8 2 2 48
8 3 0 48
8 4 0 53
8 5 0 53
8 6 0 67
8 7 0 63
8 8 0 68
8 9 1 55
8 10 0 74
8 11 1 70
8 12 0 82
8 13 0 82
8 14 1 111
8 16 0 84
8 15 0 73
8 18 2 95
8 17 1 93
8 20 0 118
8 19 1 113
8 21 0 119
9 0 0 152
9 1 1 162
9 2 1 164
9 3 0 152
9 4 0 168
9 5 1 175
9 6 1 162
9 7 2 167
9 8 0 180
9 9 0 187
9 10 0 202
9 11 2 179
9 12 0 191
9 13 2 183
9 14 2 193
9 16 2 191
9 15 1 231
9 18 1 245
9 17 1 207
9 20 0 243
9 19 1 231
9 21 0 248
