0 0 0 0
0 1 0 1
0 2 0 2
0 3 0 0
0 4 0 18
0 5 0 6
0 6 0 4
0 7 0 10
0 8 1 17
0 9 1 6
0 10 0 8
0 11 0 25
0 12 0 79
0 13 2 4
0 14 0 59
0 16 0 20
0 15 0 16
0 18 0 52
0 17 0 42
0 20 0 24
0 19 0 39
0 22 1 49
0 21 0 65
0 24 0 32
0 23 0 90
0 26 1 59
0 25 1 69
0 28 0 96
0 27 0 91
0 30 2 81
0 29 0 95
0 31 0 100
1 0 0 11
1 1 0 11
1 2 1 16
1 3 0 13
1 4 0 50
1 5 0 46
1 6 0 56
1 7 2 16
1 8 2 110
1 9 0 82
1 10 2 81
1 11 2 48
1 12 2 15
1 13 0 84
1 14 1 114
1 16 0 66
1 15 1 117
1 18 1 110
1 17 1 125
1 20 2 128
1 19 1 117
1 22 0 124
1 21 0 122
1 24 0 130
1 23 1 102
1 26 0 137
1 25 0 133
1 28 1 139
1 27 0 140
1 30 0 142
1 29 1 134
1 31 0 147
2 0 0 9
2 1 0 9
2 2 1 9
2 3 0 17
2 4 1 15
2 5 0 25
2 6 0 14
2 7 2 16
2 8 2 26
2 9 2 12
2 10 2 19
2 11 0 22
2 12 0 26
2 13 2 45
2 14 0 38
2 16 0 32
2 15 0 38
2 18 1 30
2 17 0 41
2 20 2 44
2 19 1 53
2 22 0 31
2 21 0 50
2 24 0 56
2 23 0 46
2 26 0 58
2 25 0 53
2 28 0 62
2 27 0 58
2 30 0 63
2 29 0 62
2 31 0 70
3 0 0 23
3 1 1 23
3 2 1 28
3 3 1 24
3 4 1 32
3 5 1 28
3 6 1 31
3 7 0 33
3 8 0 35
3 9 1 42
3 10 2 66
3 11 0 65
3 12 2 52
3 13 1 44
3 14 2 49
3 16 0 49
3 15 2 68
3 18 2 58
3 17 0 66
3 20 1 69
3 19 2 56
3 22 0 78
3 21 1 52
3 24 2 78
3 23 0 67
3 26 1 74
3 25 2 62
3 28 0 83
3 27 0 84
3 30 2 78
3 29 0 89
3 31 0 91
4 0 0 24
4 1 0 24
4 2 0 24
4 3 1 53
4 4 0 26
4 5 2 29
4 6 1 56
4 7 0 31
4 8 0 39
4 9 0 39
4 10 0 41
4 11 0 45
4 12 1 37
4 13 2 39
4 14 1 48
4 16 2 42
4 15 1 50
4 18 1 62
4 17 0 65
4 20 0 72
4 19 1 57
4 22 2 44
4 21 1 68
4 24 0 69
4 23 0 63
4 26 1 56
4 25 1 77
4 28 0 79
4 27 1 72
4 30 0 84
4 29 2 76
4 31 0 86
5 0 0 26
5 1 0 26
5 2 1 27
5 3 0 29
5 4 1 32
5 5 1 29
5 6 0 42
5 7 0 40
5 8 0 40
5 9 0 35
5 10 0 35
5 11 0 61
5 12 0 45
5 13 0 78
5 14 1 68
5 16 0 36
5 15 0 52
5 18 0 92
5 17 2 42
5 20 0 48
5 19 0 88
5 22 0 59
5 21 1 55
5 24 0 62
5 23 0 66
5 26 1 69
5 25 2 72
5 28 0 96
5 27 0 77
5 30 0 93
5 29 0 85
5 31 0 101
6 0 0 28
6 1 2 28
6 2 1 28
6 3 1 47
6 4 1 88
6 5 2 84
6 6 0 116
6 7 2 101
6 8 0 128
6 9 1 105
6 10 2 118
6 11 1 130
6 12 1 126
6 13 2 141
6 14 0 134
6 16 0 153
6 15 1 137
6 18 1 140
6 17 2 109
6 20 0 119
6 19 2 145
6 22 0 160
6 21 2 136
6 24 0 158
6 23 0 155
6 26 2 140
6 25 0 167
6 28 0 166
6 27 2 157
6 30 0 171
6 29 0 166
6 31 0 173
7 0 0 33
7 1 0 33
7 2 2 35
7 3 0 34
7 4 1 35
7 5 0 35
7 6 1 36
7 7 0 41
7 8 2 36
7 9 0 40
7 10 0 53
7 11 0 48
7 12 0 57
7 13 1 39
7 14 0 42
7 16 0 44
7 15 0 47
7 18 0 41
7 17 1 60
7 20 0 51
7 19 1 52
7 22 0 60
7 21 1 53
7 24 0 62
7 23 2 42
7 26 0 64
7 25 0 64
7 28 0 69
7 27 2 65
7 30 1 68
7 29 1 57
7 31 0 70
8 0 0 37
8 1 1 102
8 2 1 43
8 3 0 37
8 4 2 128
8 5 2 71
8 6 2 91
8 7 2 57
8 8 1 85
8 9 1 119
8 10 0 75
8 11 2 143
8 12 2 123
8 13 2 179
8 14 1 82
8 16 2 116
8 15 2 139
8 18 1 88
8 17 2 131
8 20 2 168
8 19 2 132
8 22 2 172
8 21 2 152
8 24 2 149
8 23 2 183
8 26 2 196
8 25 1 189
8 28 0 206
8 27 2 155
8 30 0 203
8 29 0 200
8 31 0 207
9 0 0 81
9 1 2 100
9 2 1 81
9 3 1 121
9 4 1 120
9 5 2 136
9 6 1 163
9 7 2 224
9 8 2 173
9 9 2 145
9 10 0 229
9 11 1 195
9 12 2 204
9 13 1 205
9 14 1 275
9 16 2 286
9 15 1 220
9 18 2 174
9 17 0 187
9 20 1 250
9 19 0 251
9 22 1 235
9 21 0 230
9 24 1 327
9 23 2 302
9 26 2 325
9 25 2 310
9 28 1 286
9 27 2 287
9 30 0 336
9 29 1 299
9 31 0 338
