0 0 0 0
0 1 0 1
0 2 0 0
0 3 0 2
0 4 2 5
0 5 2 1
0 6 0 13
0 7 2 17
0 8 2 2
0 9 2 7
0 10 1 25
0 11 0 27
0 12 2 21
0 13 1 16
0 14 2 6
0 16 2 30
0 15 2 10
0 18 0 35
0 17 0 20
0 20 2 28
0 19 1 26
0 22 2 32
0 21 1 37
0 24 2 36
0 23 1 37
0 26 2 43
0 25 0 47
0 28 1 51
0 27 1 42
0 30 2 38
0 29 2 53
0 31 0 58
1 0 0 8
1 1 0 8
1 2 0 19
1 3 2 8
1 4 2 27
1 5 2 29
1 6 0 24
1 7 2 40
1 8 2 35
1 9 2 32
1 10 1 55
1 11 0 67
1 12 2 58
1 13 2 48
1 14 0 53
1 16 2 67
1 15 2 15
1 18 2 67
1 17 0 56
1 20 2 59
1 19 1 66
1 22 2 72
1 21 1 76
1 24 2 76
1 23 2 76
1 26 2 88
1 25 0 89
1 28 1 92
1 27 1 82
1 30 2 68
1 29 0 98
1 31 0 99
2 0 0 19
2 1 2 51
2 2 2 44
2 3 2 19
2 4 0 63
2 5 2 146
2 6 2 64
2 7 0 122
2 8 0 200
2 9 0 238
2 10 2 111
2 11 2 213
2 12 0 127
2 13 1 291
2 14 1 247
2 16 0 119
2 15 0 289
2 18 0 287
2 17 2 81
2 20 2 296
2 19 0 153
2 22 1 300
2 21 0 293
2 24 2 300
2 23 0 297
2 26 0 224
2 25 0 308
2 28 1 310
2 27 1 307
2 30 1 310
2 29 0 308
2 31 0 316
3 0 0 16
3 1 1 16
3 2 1 18
3 3 0 107
3 4 0 22
3 5 0 61
3 6 0 53
3 7 1 40
3 8 0 78
3 9 0 108
3 10 0 78
3 11 0 285
3 12 0 200
3 13 1 328
3 14 0 113
3 16 0 323
3 15 0 319
3 18 0 282
3 17 0 326
3 20 0 337
3 19 0 320
3 22 1 327
3 21 0 88
3 24 0 338
3 23 0 334
3 26 0 344
3 25 2 334
3 28 0 352
3 27 2 341
3 30 0 351
3 29 2 323
3 31 0 355
4 0 0 31
4 1 1 32
4 2 0 31
4 3 0 35
4 4 0 36
4 5 0 36
4 6 0 60
4 7 0 39
4 8 2 40
4 9 0 50
4 10 0 41
4 11 0 41
4 12 1 50
4 13 1 37
4 14 1 45
4 16 0 47
4 15 1 59
4 18 0 63
4 17 0 36
4 20 0 46
4 19 0 51
4 22 1 52
4 21 1 54
4 24 0 61
4 23 1 57
4 26 0 62
4 25 1 55
4 28 0 66
4 27 1 59
4 30 0 64
4 29 1 64
4 31 0 69
5 0 0 32
5 1 0 32
5 2 0 32
5 3 0 72
5 4 0 33
5 5 0 58
5 6 0 64
5 7 0 77
5 8 0 138
5 9 2 52
5 10 0 81
5 11 0 103
5 12 1 169
5 13 0 136
5 14 1 94
5 16 1 161
5 15 0 180
5 18 1 195
5 17 1 127
5 20 0 114
5 19 0 166
5 22 0 203
5 21 2 181
5 24 1 97
5 23 0 218
5 26 0 239
5 25 0 210
5 28 0 258
5 27 0 196
5 30 0 255
5 29 0 228
5 31 0 264
6 0 0 72
6 1 2 120
6 2 2 94
6 3 2 72
6 4 2 84
6 5 1 134
6 6 0 103
6 7 1 215
6 8 2 191
6 9 2 136
6 10 2 111
6 11 0 164
6 12 2 130
6 13 0 253
6 14 0 197
6 16 1 214
6 15 0 229
6 18 2 228
6 17 2 202
6 20 0 137
6 19 0 274
6 22 0 247
6 21 2 205
6 24 0 245
6 23 1 265
6 26 1 221
6 25 2 270
6 28 1 269
6 27 1 264
6 30 0 278
6 29 2 234
6 31 0 282
7 0 0 100
7 1 0 104
7 2 0 110
7 3 0 100
7 4 0 128
7 5 0 101
7 6 0 120
7 7 1 113
7 8 0 125
7 9 1 163
7 10 0 147
7 11 0 113
7 12 0 162
7 13 1 128
7 14 1 158
7 16 0 145
7 15 2 156
7 18 1 168
7 17 0 176
7 20 0 187
7 19 0 166
7 22 0 176
7 21 0 175
7 24 0 178
7 23 1 187
7 26 0 181
7 25 0 193
7 28 0 195
7 27 0 184
7 30 0 194
7 29 0 183
7 31 0 196
8 0 0 75
8 1 0 75
8 2 0 123
8 3 1 99
8 4 1 152
8 5 0 105
8 6 0 167
8 7 0 209
8 8 1 141
8 9 0 198
8 10 2 153
8 11 1 266
8 12 2 169
8 13 1 269
8 14 2 286
8 16 0 218
8 15 1 177
8 18 2 189
8 17 2 279
8 20 1 220
8 19 2 274
8 22 1 301
8 21 1 286
8 24 0 282
8 23 0 295
8 26 0 317
8 25 2 309
8 28 1 311
8 27 2 285
8 30 0 318
8 29 0 306
8 31 0 320
9 0 0 79
9 1 0 240
9 2 0 90
9 3 0 79
9 4 0 84
9 5 0 138
9 6 1 153
9 7 2 204
9 8 0 123
9 9 2 91
9 10 1 143
9 11 0 109
9 12 1 176
9 13 0 129
9 14 0 175
9 16 0 118
9 15 2 165
9 18 0 208
9 17 2 225
9 20 1 259
9 19 1 136
9 22 0 220
9 21 0 150
9 24 0 233
9 23 1 225
9 26 0 225
9 25 0 234
9 28 0 251
9 27 0 244
9 30 0 265
9 29 1 240
9 31 0 266
