0 0 0 0
0 1 0 0
0 2 0 2
0 3 0 3
0 4 2 6
0 5 2 5
0 6 0 7
0 7 2 16
0 8 2 18
0 9 2 14
0 10 1 21
0 11 0 43
0 12 2 19
0 13 1 13
0 14 2 4
0 16 2 38
0 15 1 5
0 18 2 31
0 17 0 31
0 20 2 34
0 19 0 37
0 22 2 49
0 21 1 42
0 24 2 52
0 23 2 44
0 26 2 54
0 25 0 62
0 28 1 65
0 27 1 48
0 30 2 54
0 29 2 64
0 31 0 69
1 0 0 8
1 1 0 8
1 2 2 11
1 3 2 8
1 4 2 12
1 5 1 18
1 6 0 27
1 7 2 34
1 8 2 26
1 9 2 32
1 10 1 32
1 11 0 49
1 12 2 62
1 13 1 39
1 14 2 11
1 16 2 44
1 15 2 17
1 18 2 70
1 17 2 44
1 20 2 57
1 19 2 64
1 22 2 72
1 21 1 85
1 24 2 78
1 23 2 79
1 26 0 102
1 25 0 88
1 28 1 97
1 27 1 93
1 30 2 88
1 29 0 106
1 31 0 107
2 0 0 22
2 1 2 26
2 2 2 31
2 3 1 22
2 4 0 159
2 5 2 167
2 6 2 63
2 7 1 219
2 8 0 166
2 9 0 218
2 10 2 53
2 11 0 242
2 12 2 42
2 13 0 326
2 14 2 89
2 16 1 198
2 15 0 285
2 18 2 148
2 17 2 42
2 20 2 289
2 19 0 189
2 22 1 307
2 21 0 216
2 24 2 317
2 23 0 316
2 26 0 325
2 25 1 328
2 28 0 332
2 27 1 324
2 30 1 330
2 29 1 327
2 31 0 336
3 0 0 17
3 1 1 17
3 2 1 20
3 3 0 107
3 4 0 27
3 5 0 170
3 6 0 105
3 7 0 333
3 8 0 195
3 9 2 122
3 10 0 186
3 11 1 277
3 12 0 347
3 13 2 108
3 14 0 337
3 16 0 301
3 15 1 338
3 18 0 202
3 17 0 355
3 20 0 346
3 19 0 349
3 22 0 345
3 21 0 344
3 24 0 353
3 23 0 350
3 26 0 359
3 25 0 350
3 28 2 366
3 27 0 338
3 30 0 366
3 29 1 359
3 31 0 370
4 0 0 31
4 1 1 31
4 2 0 31
4 3 0 31
4 4 0 36
4 5 0 36
4 6 0 34
4 7 0 39
4 8 2 41
4 9 0 37
4 10 0 38
4 11 0 46
4 12 1 42
4 13 0 40
4 14 0 43
4 16 2 42
4 15 1 49
4 18 0 57
4 17 0 35
4 20 0 43
4 19 0 49
4 22 0 48
4 21 1 50
4 24 0 57
4 23 1 53
4 26 0 57
4 25 1 50
4 28 0 61
4 27 1 54
4 30 0 59
4 29 1 60
4 31 0 64
5 0 0 32
5 1 0 38
5 2 0 32
5 3 1 220
5 4 1 51
5 5 0 90
5 6 0 153
5 7 0 88
5 8 2 174
5 9 2 67
5 10 0 177
5 11 0 180
5 12 0 181
5 13 0 245
5 14 1 195
5 16 1 187
5 15 0 217
5 18 1 282
5 17 1 214
5 20 0 212
5 19 0 204
5 22 2 306
5 21 2 272
5 24 0 185
5 23 0 319
5 26 0 304
5 25 0 300
5 28 1 96
5 27 0 234
5 30 0 321
5 29 0 323
5 31 0 325
6 0 0 54
6 1 2 69
6 2 2 54
6 3 2 58
6 4 0 73
6 5 1 86
6 6 1 68
6 7 1 266
6 8 2 120
6 9 2 107
6 10 2 157
6 11 0 133
6 12 0 157
6 13 1 81
6 14 0 188
6 16 0 220
6 15 0 238
6 18 1 175
6 17 2 169
6 20 0 121
6 19 1 305
6 22 0 246
6 21 2 168
6 24 0 232
6 23 1 262
6 26 1 190
6 25 2 294
6 28 1 268
6 27 1 254
6 30 0 313
6 29 0 255
6 31 0 317
7 0 0 68
7 1 1 126
7 2 0 118
7 3 1 68
7 4 0 169
7 5 0 77
7 6 0 112
7 7 1 126
7 8 0 70
7 9 2 151
7 10 1 144
7 11 0 98
7 12 2 225
7 13 0 117
7 14 1 178
7 16 1 147
7 15 2 156
7 18 1 268
7 17 0 180
7 20 0 276
7 19 0 215
7 22 0 207
7 21 0 150
7 24 0 234
7 23 2 238
7 26 0 236
7 25 0 276
7 28 1 284
7 27 0 277
7 30 0 280
7 29 1 162
7 31 0 285
8 0 0 79
8 1 0 79
8 2 2 80
8 3 1 124
8 4 2 210
8 5 0 88
8 6 0 186
8 7 0 136
8 8 1 128
8 9 0 134
8 10 2 172
8 11 1 208
8 12 0 281
8 13 1 189
8 14 2 273
8 16 0 300
8 15 1 284
8 18 2 225
8 17 0 218
8 20 1 247
8 19 0 289
8 22 1 291
8 21 1 265
8 24 0 235
8 23 2 245
8 26 0 297
8 25 2 268
8 28 2 294
8 27 1 293
8 30 0 298
8 29 0 302
8 31 0 305
9 0 0 83
9 1 2 224
9 2 1 83
9 3 0 109
9 4 0 181
9 5 0 141
9 6 0 225
9 7 2 180
9 8 0 199
9 9 0 115
9 10 0 198
9 11 2 135
9 12 2 244
9 13 0 172
9 14 0 162
9 16 0 122
9 15 2 132
9 18 0 185
9 17 2 243
9 20 1 254
9 19 1 189
9 22 0 250
9 21 0 205
9 24 0 261
9 23 1 196
9 26 0 231
9 25 0 261
9 28 0 266
9 27 0 265
9 30 0 260
9 29 0 258
9 31 0 268
