0 0 0 0
0 1 1 0
0 2 0 0
0 3 1 0
0 4 0 3
0 5 1 1
0 6 0 3
0 7 1 5
0 8 2 1
0 9 2 12
0 10 1 6
0 11 2 17
0 12 2 20
0 13 0 15
0 14 2 5
0 16 2 14
0 15 0 3
0 18 2 17
0 17 0 11
0 20 1 14
0 19 2 18
0 22 2 29
0 21 1 24
0 24 2 32
0 23 1 29
0 26 2 35
0 25 0 42
0 28 1 46
0 27 2 28
0 30 2 31
0 29 2 45
0 31 0 50
1 0 0 9
1 1 1 9
1 2 0 9
1 3 1 13
1 4 2 14
1 5 2 14
1 6 0 20
1 7 2 25
1 8 2 29
1 9 2 25
1 10 1 23
1 11 2 39
1 12 2 30
1 13 0 32
1 14 2 23
1 16 2 46
1 15 0 38
1 18 2 42
1 17 0 39
1 20 1 50
1 19 2 45
1 22 2 49
1 21 1 51
1 24 2 52
1 23 0 53
1 26 0 58
1 25 0 62
1 28 2 65
1 27 2 55
1 30 2 59
1 29 2 65
1 31 0 70
2 0 0 98
2 1 0 98
2 2 2 359
2 3 0 311
2 4 0 113
2 5 0 367
2 6 2 147
2 7 1 364
2 8 0 360
2 9 0 382
2 10 2 126
2 11 2 356
2 12 1 372
2 13 2 398
2 14 2 162
2 16 1 366
2 15 0 387
2 18 2 320
2 17 1 380
2 20 2 393
2 19 0 381
2 22 1 399
2 21 0 383
2 24 2 391
2 23 0 410
2 26 0 386
2 25 0 407
2 28 2 408
2 27 0 413
2 30 1 415
2 29 0 399
2 31 0 418
3 0 0 70
3 1 1 87
3 2 0 76
3 3 0 70
3 4 0 82
3 5 0 220
3 6 1 95
3 7 0 89
3 8 0 179
3 9 0 203
3 10 0 227
3 11 0 183
3 12 0 189
3 13 0 155
3 14 0 235
3 16 0 290
3 15 2 240
3 18 0 247
3 17 0 216
3 20 0 287
3 19 0 250
3 22 0 264
3 21 0 211
3 24 2 288
3 23 0 277
3 26 2 308
3 25 2 300
3 28 1 307
3 27 0 260
3 30 0 322
3 29 1 293
3 31 0 326
4 0 0 35
4 1 1 45
4 2 2 35
4 3 0 35
4 4 2 49
4 5 0 54
4 6 0 75
4 7 0 62
4 8 0 66
4 9 0 57
4 10 0 60
4 11 0 54
4 12 1 65
4 13 0 48
4 14 0 66
4 16 0 66
4 15 1 72
4 18 0 77
4 17 0 60
4 20 0 64
4 19 0 70
4 22 0 71
4 21 2 71
4 24 0 82
4 23 1 70
4 26 0 81
4 25 0 73
4 28 0 85
4 27 1 77
4 30 1 83
4 29 0 85
4 31 0 88
5 0 0 107
5 1 0 107
5 2 0 134
5 3 1 375
5 4 0 172
5 5 0 178
5 6 0 356
5 7 0 198
5 8 2 375
5 9 0 356
5 10 0 365
5 11 0 370
5 12 0 370
5 13 0 379
5 14 0 368
5 16 0 392
5 15 0 391
5 18 0 386
5 17 2 371
5 20 0 375
5 19 0 393
5 22 2 401
5 21 2 384
5 24 0 372
5 23 0 397
5 26 0 408
5 25 0 403
5 28 1 228
5 27 0 385
5 30 0 409
5 29 0 409
5 31 0 413
6 0 0 75
6 1 0 192
6 2 2 132
6 3 2 75
6 4 0 182
6 5 0 199
6 6 0 144
6 7 0 252
6 8 2 210
6 9 2 215
6 10 2 199
6 11 0 234
6 12 0 205
6 13 0 190
6 14 0 218
6 16 0 236
6 15 0 222
6 18 2 251
6 17 2 243
6 20 0 214
6 19 1 268
6 22 0 238
6 21 2 230
6 24 0 266
6 23 0 257
6 26 2 254
6 25 2 262
6 28 2 278
6 27 2 275
6 30 2 276
6 29 0 281
6 31 0 286
7 0 0 71
7 1 0 127
7 2 0 110
7 3 1 71
7 4 0 132
7 5 0 101
7 6 0 97
7 7 2 122
7 8 0 103
7 9 0 108
7 10 1 131
7 11 0 106
7 12 0 145
7 13 0 141
7 14 2 139
7 16 1 137
7 15 2 121
7 18 0 143
7 17 0 161
7 20 0 166
7 19 0 154
7 22 0 156
7 21 0 131
7 24 1 161
7 23 2 167
7 26 0 157
7 25 0 174
7 28 0 174
7 27 1 164
7 30 0 175
7 29 0 151
7 31 0 176
8 0 0 94
8 1 0 94
8 2 2 196
8 3 1 302
8 4 0 319
8 5 0 105
8 6 0 308
8 7 2 330
8 8 2 310
8 9 0 317
8 10 2 109
8 11 0 118
8 12 0 304
8 13 1 339
8 14 0 338
8 16 0 333
8 15 1 318
8 18 0 320
8 17 0 332
8 20 1 341
8 19 2 325
8 22 1 340
8 21 0 346
8 24 0 327
8 23 1 334
8 26 0 353
8 25 1 348
8 28 2 344
8 27 2 331
8 30 0 354
8 29 0 353
8 31 0 356
9 0 0 146
9 1 0 146
9 2 0 181
9 3 0 159
9 4 0 186
9 5 0 217
9 6 1 222
9 7 0 289
9 8 0 207
9 9 0 195
9 10 0 195
9 11 0 187
9 12 2 245
9 13 2 231
9 14 0 248
9 16 0 226
9 15 2 275
9 18 0 284
9 17 2 260
9 20 1 269
9 19 1 241
9 22 0 253
9 21 0 285
9 24 0 288
9 23 0 291
9 26 0 298
9 25 0 293
9 28 0 300
9 27 0 299
9 30 0 289
9 29 0 297
9 31 0 302
