0 0 0 0
0 1 0 0
0 2 0 0
0 3 2 0
0 4 2 2
0 5 2 6
0 6 0 7
0 7 2 16
0 8 2 1
0 9 2 13
0 10 1 23
0 11 0 28
0 12 2 18
0 13 0 33
0 14 2 5
0 16 2 29
0 15 2 9
0 18 2 34
0 17 0 27
0 20 2 35
0 19 0 31
0 22 2 35
0 21 1 36
0 24 2 44
0 23 0 45
0 26 2 48
0 25 0 55
0 28 1 58
0 27 1 42
0 30 2 48
0 29 2 58
0 31 0 63
1 0 0 8
1 1 0 8
1 2 0 12
1 3 2 8
1 4 2 13
1 5 2 16
1 6 0 13
1 7 2 26
1 8 2 13
1 9 2 22
1 10 1 32
1 11 0 43
1 12 2 29
1 13 0 21
1 14 0 25
1 16 2 43
1 15 2 10
1 18 2 42
1 17 0 24
1 20 2 34
1 19 1 26
1 22 2 49
1 21 1 38
1 24 2 55
1 23 2 49
1 26 2 58
1 25 0 65
1 28 1 69
1 27 1 50
1 30 2 43
1 29 2 68
1 31 0 73
2 0 0 26
2 1 1 26
2 2 1 62
2 3 2 27
2 4 0 73
2 5 2 222
2 6 2 46
2 7 1 132
2 8 0 175
2 9 0 184
2 10 2 110
2 11 2 167
2 12 1 182
2 13 0 277
2 14 1 160
2 16 2 106
2 15 0 263
2 18 2 212
2 17 0 136
2 20 2 267
2 19 0 91
2 22 1 272
2 21 0 185
2 24 2 272
2 23 0 153
2 26 0 214
2 25 1 280
2 28 1 283
2 27 0 275
2 30 0 284
2 29 0 270
2 31 0 289
3 0 0 16
3 1 0 17
3 2 1 16
3 3 0 79
3 4 0 22
3 5 0 85
3 6 0 143
3 7 2 111
3 8 0 174
3 9 2 320
3 10 0 98
3 11 0 274
3 12 0 252
3 13 0 333
3 14 1 175
3 16 0 226
3 15 0 331
3 18 1 244
3 17 0 352
3 20 0 351
3 19 0 307
3 22 1 337
3 21 0 97
3 24 0 346
3 23 0 342
3 26 1 353
3 25 2 342
3 28 0 361
3 27 0 355
3 30 1 361
3 29 1 339
3 31 0 365
4 0 0 31
4 1 1 33
4 2 0 31
4 3 0 32
4 4 0 37
4 5 0 36
4 6 0 51
4 7 0 39
4 8 2 41
4 9 2 43
4 10 0 41
4 11 0 48
4 12 1 43
4 13 0 39
4 14 2 46
4 16 1 49
4 15 1 55
4 18 0 59
4 17 0 46
4 20 0 52
4 19 0 53
4 22 0 55
4 21 1 54
4 24 0 62
4 23 1 50
4 26 0 62
4 25 1 57
4 28 0 68
4 27 1 61
4 30 0 62
4 29 0 68
4 31 0 71
5 0 0 36
5 1 0 68
5 2 2 36
5 3 2 163
5 4 1 90
5 5 0 103
5 6 1 157
5 7 0 121
5 8 2 213
5 9 0 126
5 10 0 168
5 11 0 192
5 12 2 201
5 13 0 256
5 14 1 195
5 16 1 252
5 15 0 212
5 18 1 264
5 17 1 251
5 20 0 206
5 19 0 305
5 22 2 306
5 21 2 262
5 24 0 182
5 23 0 309
5 26 0 308
5 25 0 279
5 28 0 311
5 27 2 207
5 30 0 314
5 29 0 317
5 31 0 318
6 0 0 49
6 1 2 62
6 2 2 57
6 3 2 49
6 4 2 72
6 5 1 82
6 6 0 88
6 7 0 178
6 8 2 89
6 9 0 97
6 10 2 86
6 11 0 228
6 12 1 129
6 13 0 289
6 14 0 215
6 16 0 285
6 15 0 257
6 18 1 248
6 17 2 198
6 20 1 109
6 19 0 296
6 22 0 218
6 21 2 184
6 24 0 261
6 23 1 289
6 26 1 281
6 25 2 295
6 28 1 298
6 27 2 295
6 30 0 301
6 29 0 293
6 31 0 305
7 0 0 70
7 1 2 148
7 2 0 70
7 3 1 78
7 4 0 198
7 5 0 80
7 6 0 88
7 7 0 96
7 8 0 118
7 9 1 111
7 10 0 179
7 11 0 122
7 12 0 251
7 13 1 108
7 14 1 192
7 16 1 173
7 15 2 117
7 18 0 243
7 17 0 197
7 20 0 251
7 19 0 199
7 22 0 194
7 21 0 205
7 24 1 216
7 23 2 226
7 26 0 208
7 25 0 243
7 28 0 261
7 27 0 254
7 30 0 255
7 29 1 201
7 31 0 262
8 0 0 76
8 1 0 76
8 2 2 147
8 3 1 96
8 4 2 145
8 5 0 99
8 6 0 83
8 7 0 187
8 8 1 140
8 9 0 210
8 10 2 210
8 11 1 234
8 12 0 133
8 13 1 135
8 14 2 301
8 16 0 298
8 15 0 270
8 18 2 201
8 17 0 246
8 20 1 216
8 19 2 250
8 22 1 318
8 21 1 301
8 24 0 267
8 23 1 305
8 26 0 329
8 25 1 324
8 28 2 318
8 27 2 297
8 30 0 330
8 29 0 311
8 31 0 332
9 0 0 77
9 1 2 122
9 2 1 77
9 3 1 84
9 4 0 156
9 5 0 101
9 6 0 137
9 7 2 166
9 8 0 161
9 9 0 79
9 10 0 172
9 11 1 94
9 12 2 193
9 13 0 98
9 14 0 90
9 16 0 115
9 15 2 150
9 18 0 195
9 17 2 176
9 20 1 233
9 19 1 127
9 22 0 222
9 21 0 179
9 24 0 233
9 23 1 196
9 26 0 217
9 25 0 229
9 28 0 241
9 27 0 239
9 30 0 239
9 29 1 223
9 31 0 243
