0 0 0 1
0 1 1 3
0 2 0 1
0 3 2 12
0 4 2 50
0 5 2 18
0 6 2 3
0 7 2 74
0 8 2 36
0 9 2 79
0 10 1 45
0 11 0 101
0 12 2 86
0 13 0 44
0 14 2 6
0 16 2 96
0 15 2 16
0 18 2 82
0 17 2 46
0 20 2 62
0 19 1 98
0 22 2 109
0 21 1 115
0 24 2 115
0 23 2 103
0 26 0 125
0 25 0 125
0 28 0 130
0 27 1 119
0 30 2 78
0 29 2 129
0 31 0 134
1 0 0 9
1 1 1 33
1 2 0 9
1 3 2 13
1 4 2 40
1 5 1 60
1 6 0 20
1 7 2 100
1 8 0 34
1 9 2 73
1 10 1 73
1 11 0 119
1 12 2 93
1 13 0 73
1 14 0 74
1 16 2 119
1 15 2 70
1 18 2 110
1 17 2 82
1 20 2 108
1 19 1 99
1 22 2 126
1 21 1 112
1 24 2 129
1 23 2 128
1 26 2 138
1 25 0 141
1 28 2 148
1 27 1 121
1 30 2 125
1 29 2 148
1 31 0 153
2 0 0 23
2 1 1 23
2 2 2 42
2 3 0 52
2 4 0 45
2 5 2 215
2 6 2 49
2 7 1 161
2 8 0 59
2 9 0 62
2 10 2 37
2 11 2 55
2 12 2 126
2 13 2 285
2 14 2 88
2 16 0 118
2 15 0 155
2 18 2 163
2 17 2 74
2 20 2 184
2 19 0 122
2 22 1 246
2 21 0 142
2 24 2 240
2 23 0 133
2 26 0 181
2 25 2 289
2 28 0 295
2 27 0 174
2 30 1 190
2 29 0 213
2 31 0 299
3 0 0 19
3 1 1 23
3 2 0 20
3 3 0 19
3 4 0 29
3 5 0 49
3 6 1 29
3 7 0 63
3 8 0 86
3 9 0 69
3 10 0 66
3 11 0 97
3 12 0 77
3 13 0 22
3 14 0 89
3 16 0 73
3 15 2 103
3 18 0 81
3 17 0 139
3 20 0 154
3 19 0 122
3 22 0 111
3 21 0 109
3 24 2 130
3 23 0 123
3 26 2 192
3 25 2 166
3 28 1 162
3 27 0 145
3 30 0 209
3 29 1 205
3 31 0 213
4 0 0 36
4 1 1 36
4 2 2 36
4 3 0 41
4 4 0 46
4 5 0 48
4 6 0 77
4 7 0 78
4 8 2 70
4 9 0 51
4 10 0 43
4 11 0 55
4 12 1 51
4 13 0 47
4 14 0 82
4 16 0 64
4 15 1 78
4 18 0 91
4 17 0 67
4 20 0 83
4 19 0 80
4 22 0 87
4 21 2 82
4 24 0 93
4 23 1 88
4 26 0 93
4 25 1 89
4 28 0 100
4 27 1 93
4 30 1 98
4 29 0 97
4 31 0 103
5 0 0 33
5 1 0 33
5 2 0 37
5 3 1 169
5 4 0 42
5 5 0 52
5 6 0 71
5 7 0 151
5 8 2 103
5 9 0 57
5 10 0 75
5 11 0 137
5 12 0 74
5 13 0 182
5 14 0 158
5 16 0 116
5 15 0 178
5 18 0 248
5 17 2 233
5 20 0 182
5 19 0 192
5 22 2 253
5 21 2 224
5 24 0 235
5 23 0 288
5 26 0 268
5 25 0 245
5 28 1 282
5 27 0 243
5 30 0 290
5 29 0 263
5 31 0 294
6 0 0 56
6 1 2 56
6 2 2 58
6 3 2 87
6 4 0 154
6 5 1 84
6 6 0 68
6 7 0 208
6 8 2 186
6 9 0 176
6 10 2 198
6 11 0 223
6 12 0 179
6 13 0 296
6 14 0 213
6 16 0 273
6 15 1 254
6 18 1 244
6 17 2 199
6 20 0 144
6 19 0 277
6 22 0 269
6 21 2 244
6 24 0 261
6 23 1 281
6 26 2 229
6 25 2 294
6 28 2 304
6 27 2 301
6 30 2 301
6 29 0 279
6 31 0 311
7 0 0 69
7 1 0 69
7 2 0 106
7 3 0 135
7 4 0 163
7 5 0 152
7 6 0 140
7 7 2 129
7 8 0 159
7 9 0 193
7 10 1 172
7 11 0 165
7 12 0 222
7 13 0 203
7 14 2 184
7 16 1 183
7 15 2 176
7 18 0 199
7 17 0 191
7 20 0 235
7 19 0 211
7 22 0 221
7 21 0 188
7 24 1 232
7 23 2 216
7 26 0 214
7 25 0 237
7 28 0 241
7 27 0 234
7 30 0 239
7 29 0 217
7 31 0 242
8 0 0 82
8 1 0 82
8 2 2 223
8 3 1 124
8 4 0 189
8 5 0 86
8 6 0 240
8 7 2 269
8 8 2 225
8 9 1 259
8 10 2 99
8 11 2 111
8 12 0 265
8 13 1 338
8 14 0 319
8 16 0 335
8 15 1 318
8 18 2 205
8 17 0 294
8 20 1 328
8 19 2 325
8 22 1 323
8 21 1 338
8 24 0 316
8 23 0 320
8 26 0 347
8 25 0 343
8 28 2 347
8 27 2 333
8 30 0 350
8 29 0 352
8 31 0 357
9 0 0 79
9 1 0 358
9 2 0 79
9 3 0 131
9 4 0 195
9 5 0 313
9 6 1 330
9 7 0 306
9 8 0 250
9 9 0 92
9 10 0 302
9 11 0 248
9 12 2 341
9 13 2 331
9 14 0 222
9 16 0 206
9 15 2 339
9 18 0 362
9 17 2 320
9 20 1 367
9 19 1 290
9 22 0 357
9 21 0 310
9 24 0 365
9 23 0 355
9 26 0 371
9 25 0 366
9 28 0 372
9 27 0 371
9 30 0 373
9 29 0 363
9 31 0 374
