0 0 0 0
0 1 1 0
0 2 0 0
0 3 0 0
0 4 0 9
0 5 0 3
0 6 0 12
0 7 1 1
0 8 0 6
0 9 0 1
0 10 1 4
0 11 0 4
0 12 1 7
0 13 1 3
0 14 1 11
0 16 0 21
0 15 0 4
0 18 0 6
0 17 1 16
0 20 1 8
0 19 2 3
0 22 0 8
0 21 2 5
0 24 0 14
0 23 2 12
0 26 1 14
0 25 0 22
0 28 0 22
0 27 0 18
0 30 0 25
0 29 0 27
0 31 0 29
1 0 0 12
1 1 0 13
1 2 0 15
1 3 0 12
1 4 0 16
1 5 0 19
1 6 0 18
1 7 0 20
1 8 0 25
1 9 0 22
1 10 0 22
1 11 0 26
1 12 0 27
1 13 0 28
1 14 0 29
1 16 0 33
1 15 0 31
1 18 0 35
1 17 0 22
1 20 1 28
1 19 1 25
1 22 0 31
1 21 1 33
1 24 1 30
1 23 0 26
1 26 0 35
1 25 1 29
1 28 0 44
1 27 0 37
1 30 0 41
1 29 0 42
1 31 0 50
