0 0 0 1
0 1 1 4
0 2 2 1
0 3 0 3
0 4 0 12
0 5 0 6
0 6 0 18
0 7 0 3
0 8 0 10
0 9 0 4
0 10 0 10
0 11 1 4
0 12 1 10
0 13 1 4
0 14 2 16
0 16 0 27
0 15 0 7
0 18 0 9
0 17 0 22
0 20 1 11
0 19 2 7
0 22 0 11
0 21 0 11
0 24 0 17
0 23 1 15
0 26 0 18
0 25 0 25
0 28 2 25
0 27 0 21
0 30 0 29
0 29 0 28
0 31 0 32
1 0 0 15
1 1 0 17
1 2 0 15
1 3 0 16
1 4 0 20
1 5 0 23
1 6 0 22
1 7 1 24
1 8 0 29
1 9 0 31
1 10 0 24
1 11 0 32
1 12 1 31
1 13 1 34
1 14 0 33
1 16 0 37
1 15 0 35
1 18 1 38
1 17 0 25
1 20 1 27
1 19 1 29
1 22 0 38
1 21 0 37
1 24 2 33
1 23 0 30
1 26 0 39
1 25 1 33
1 28 0 50
1 27 0 42
1 30 0 51
1 29 1 46
1 31 0 54
