0 0 0 0
0 1 0 0
0 2 0 0
0 3 0 0
0 4 0 4
0 5 0 3
0 6 0 18
0 7 0 1
0 8 0 7
0 9 1 1
0 10 0 6
0 11 1 2
0 12 1 7
0 13 1 1
0 14 2 14
0 16 0 22
0 15 0 5
0 18 0 7
0 17 0 21
0 20 1 11
0 19 2 3
0 22 0 9
0 21 0 9
0 24 2 15
0 23 1 16
0 26 0 21
0 25 0 26
0 28 1 25
0 27 0 23
0 30 0 29
0 29 0 29
0 31 0 32
1 0 0 12
1 1 0 12
1 2 0 12
1 3 0 12
1 4 0 16
1 5 1 17
1 6 0 18
1 7 1 20
1 8 0 24
1 9 0 24
1 10 0 20
1 11 0 26
1 12 1 27
1 13 1 27
1 14 0 29
1 16 0 33
1 15 0 31
1 18 1 34
1 17 0 17
1 20 1 21
1 19 1 24
1 22 0 33
1 21 0 33
1 24 2 27
1 23 2 25
1 26 0 35
1 25 1 29
1 28 0 43
1 27 0 37
1 30 0 41
1 29 1 42
1 31 0 50
