0 0 0 0
0 1 1 0
0 2 0 0
0 3 0 0
0 4 0 4
0 5 0 3
0 6 0 7
0 7 0 2
0 8 1 4
0 9 0 1
0 10 0 7
0 11 0 3
0 12 0 7
0 13 1 5
0 14 2 11
0 16 0 22
0 15 0 4
0 18 0 6
0 17 0 19
0 20 1 9
0 19 2 4
0 22 0 8
0 21 2 10
0 24 0 14
0 23 1 13
0 26 1 17
0 25 0 23
0 28 2 22
0 27 0 20
0 30 0 26
0 29 2 23
0 31 0 29
1 0 0 12
1 1 0 12
1 2 1 16
1 3 0 12
1 4 0 16
1 5 0 17
1 6 0 17
1 7 1 20
1 8 0 23
1 9 0 22
1 10 0 20
1 11 1 24
1 12 0 27
1 13 1 27
1 14 0 29
1 16 0 33
1 15 0 31
1 18 1 34
1 17 0 23
1 20 1 20
1 19 0 26
1 22 0 32
1 21 0 32
1 24 0 29
1 23 2 24
1 26 0 35
1 25 0 29
1 28 2 42
1 27 0 37
1 30 0 44
1 29 1 42
1 31 0 50
