0 0 0 0
0 1 1 0
0 2 0 0
0 3 0 0
0 4 1 8
0 5 0 3
0 6 0 14
0 7 0 2
0 8 2 5
0 9 0 1
0 10 1 6
0 11 0 3
0 12 1 7
0 13 0 5
0 14 0 15
0 16 1 22
0 15 0 4
0 18 0 6
0 17 0 20
0 20 0 11
0 19 2 3
0 22 0 8
0 21 2 5
0 24 0 14
0 23 1 15
0 26 1 15
0 25 0 23
0 28 2 22
0 27 0 20
0 30 0 26
0 29 1 27
0 31 0 29
1 0 0 12
1 1 0 12
1 2 0 17
1 3 0 12
1 4 0 16
1 5 1 17
1 6 0 17
1 7 1 20
1 8 0 24
1 9 0 20
1 10 0 20
1 11 1 24
1 12 0 27
1 13 1 26
1 14 0 29
1 16 0 33
1 15 0 31
1 18 0 34
1 17 0 23
1 20 1 21
1 19 0 26
1 22 0 38
1 21 1 33
1 24 0 29
1 23 0 25
1 26 0 35
1 25 1 29
1 28 1 47
1 27 1 35
1 30 0 41
1 29 0 42
1 31 0 50
