0 0 0 0
0 1 0 0
0 2 2 0
0 3 2 0
0 4 1 9
0 5 2 2
0 6 0 7
0 7 0 12
0 8 1 9
0 9 1 10
0 10 0 13
0 11 0 15
1 0 0 1
1 1 0 1
1 2 0 3
1 3 0 3
1 4 0 5
1 5 2 6
1 6 0 6
1 7 1 7
1 8 0 10
1 9 1 15
1 10 0 16
1 11 0 24
2 0 0 19
2 1 2 29
2 2 0 27
2 3 0 19
2 4 0 31
2 5 1 34
2 6 0 37
2 7 0 39
2 8 0 43
2 9 0 41
2 10 0 42
2 11 0 46
3 0 0 7
3 1 2 7
3 2 2 17
3 3 1 21
3 4 2 17
3 5 2 27
3 6 0 34
3 7 1 27
3 8 1 38
3 9 2 29
3 10 2 34
3 11 0 45
4 0 0 7
4 1 2 15
4 2 0 7
4 3 1 7
4 4 0 10
4 5 0 15
4 6 1 15
4 7 1 16
4 8 0 23
4 9 0 24
4 10 2 23
4 11 0 29
