0 0 0 0
0 1 0 0
0 2 2 5
0 3 2 1
0 4 0 20
0 5 2 2
0 6 0 20
0 7 0 22
0 8 1 22
0 9 2 10
0 10 0 23
0 11 0 25
1 0 0 1
1 1 0 1
1 2 0 3
1 3 0 3
1 4 0 4
1 5 1 6
1 6 0 10
1 7 0 19
1 8 0 11
1 9 2 13
1 10 0 20
1 11 0 23
2 0 0 16
2 1 2 27
2 2 0 16
2 3 0 34
2 4 0 28
2 5 1 31
2 6 0 40
2 7 0 38
2 8 0 42
2 9 0 40
2 10 0 42
2 11 0 46
3 0 0 7
3 1 2 7
3 2 2 7
3 3 1 26
3 4 0 17
3 5 2 19
3 6 2 26
3 7 1 19
3 8 1 33
3 9 2 32
3 10 2 31
3 11 0 40
4 0 0 7
4 1 0 26
4 2 1 7
4 3 1 10
4 4 0 15
4 5 0 20
4 6 0 23
4 7 0 21
4 8 0 23
4 9 0 28
4 10 0 27
4 11 0 31
