0 0 0 0
0 1 0 0
0 2 2 0
0 3 1 0
0 4 1 5
0 5 2 2
0 6 0 2
0 7 2 10
0 8 2 3
0 9 0 11
0 10 0 16
0 11 0 18
1 0 0 1
1 1 1 4
1 2 0 2
1 3 0 1
1 4 0 3
1 5 2 9
1 6 0 9
1 7 1 10
1 8 1 14
1 9 1 18
1 10 1 20
1 11 0 27
2 0 0 5
2 1 2 11
2 2 0 25
2 3 0 5
2 4 0 28
2 5 1 31
2 6 0 34
2 7 0 36
2 8 0 39
2 9 0 32
2 10 0 38
2 11 0 42
3 0 0 9
3 1 2 9
3 2 2 10
3 3 1 13
3 4 0 19
3 5 2 21
3 6 2 28
3 7 1 20
3 8 1 35
3 9 1 20
3 10 2 29
3 11 0 42
4 0 0 8
4 1 2 12
4 2 1 8
4 3 1 10
4 4 0 16
4 5 0 21
4 6 0 21
4 7 0 22
4 8 2 21
4 9 0 28
4 10 0 27
4 11 0 31
