0 0 0 1
0 1 0 1
0 2 2 2
0 3 1 2
0 4 1 8
0 5 2 3
0 6 0 4
0 7 0 11
0 8 1 8
0 9 2 14
0 10 0 12
0 11 0 24
1 0 0 2
1 1 1 5
1 2 0 2
1 3 0 12
1 4 0 4
1 5 2 10
1 6 0 15
1 7 0 19
1 8 0 17
1 9 1 19
1 10 0 20
1 11 0 28
2 0 0 9
2 1 2 9
2 2 0 23
2 3 0 31
2 4 0 26
2 5 1 36
2 6 0 39
2 7 0 41
2 8 0 44
2 9 0 37
2 10 0 43
2 11 0 47
3 0 0 7
3 1 2 7
3 2 2 8
3 3 1 15
3 4 0 17
3 5 2 19
3 6 2 26
3 7 1 23
3 8 1 33
3 9 2 24
3 10 2 31
3 11 0 40
4 0 0 7
4 1 2 14
4 2 1 7
4 3 1 12
4 4 0 15
4 5 0 22
4 6 0 24
4 7 0 23
4 8 2 22
4 9 0 29
4 10 0 28
4 11 0 32
