0 0 0 1
0 1 0 1
0 2 2 2
0 3 0 2
0 4 1 9
0 5 2 4
0 6 0 12
0 7 2 14
0 8 2 17
0 9 0 14
0 10 0 22
0 11 0 24
1 0 0 1
1 1 1 1
1 2 1 4
1 3 1 1
1 4 0 7
1 5 1 8
1 6 0 8
1 7 1 9
1 8 0 12
1 9 1 15
1 10 0 15
1 11 0 24
2 0 0 12
2 1 2 24
2 2 0 12
2 3 0 39
2 4 0 29
2 5 1 32
2 6 0 37
2 7 0 35
2 8 0 45
2 9 0 43
2 10 0 44
2 11 0 48
3 0 0 7
3 1 2 7
3 2 2 18
3 3 1 13
3 4 2 18
3 5 2 28
3 6 0 35
3 7 1 29
3 8 1 39
3 9 2 33
3 10 2 36
3 11 0 46
4 0 0 9
4 1 2 13
4 2 0 9
4 3 1 13
4 4 0 12
4 5 0 17
4 6 1 18
4 7 1 18
4 8 1 18
4 9 0 26
4 10 0 25
4 11 0 29
