0 0 0 0
0 1 0 0
0 2 0 32
0 3 0 0
0 4 0 4
0 5 0 5
0 6 0 5
0 7 0 9
0 8 0 14
0 9 1 23
0 10 0 21
0 11 0 39
0 12 1 10
0 13 1 9
0 14 0 19
0 16 0 44
0 15 2 36
0 18 1 42
0 17 0 47
0 20 1 36
0 19 0 52
0 21 0 54
1 0 0 1
1 1 0 1
1 2 1 7
1 3 1 10
1 4 2 8
1 5 0 6
1 6 1 10
1 7 1 21
1 8 1 16
1 9 1 30
1 10 0 19
1 11 1 22
1 12 0 18
1 13 0 17
1 14 2 33
1 16 0 39
1 15 2 29
1 18 0 42
1 17 0 26
1 20 0 29
1 19 2 34
1 21 0 44
2 0 0 54
2 1 0 54
2 2 0 76
2 3 0 83
2 4 0 85
2 5 0 88
2 6 0 71
2 7 0 79
2 8 1 90
2 9 2 76
2 10 0 82
2 11 0 88
2 12 0 96
2 13 0 102
2 14 1 97
2 16 2 94
2 15 0 90
2 18 0 105
2 17 0 94
2 20 0 102
2 19 0 104
2 21 0 107
3 0 0 3
3 1 0 16
3 2 0 3
3 3 2 9
3 4 0 24
3 5 2 45
3 6 2 29
3 7 0 56
3 8 1 58
3 9 0 57
3 10 1 66
3 11 1 68
3 12 0 20
3 13 0 60
3 14 0 65
3 16 0 72
3 15 0 66
3 18 0 72
3 17 1 67
3 20 0 74
3 19 0 73
3 21 0 76
4 0 0 7
4 1 0 7
4 2 1 11
4 3 0 7
4 4 0 11
4 5 2 18
4 6 1 15
4 7 1 16
4 8 1 34
4 9 0 20
4 10 1 11
4 11 1 25
4 12 1 19
4 13 2 34
4 14 0 45
4 16 0 33
4 15 2 22
4 18 1 43
4 17 0 40
4 20 0 49
4 19 0 48
4 21 0 52
