0 0 0 40
0 1 2 40
0 2 0 74
0 3 0 54
0 4 0 57
0 5 0 60
0 6 0 64
0 7 0 58
0 8 0 67
0 9 1 74
0 10 0 75
0 11 2 81
0 12 0 69
0 13 2 66
0 14 0 73
0 16 0 82
0 15 0 87
0 18 0 78
0 17 0 85
0 20 1 79
0 19 0 89
0 21 0 91
1 0 0 1
1 1 2 23
1 2 1 53
1 3 1 1
1 4 1 51
1 5 0 38
1 6 0 43
1 7 0 47
1 8 1 40
1 9 1 57
1 10 0 49
1 11 0 59
1 12 0 57
1 13 0 58
1 14 1 62
1 16 0 64
1 15 1 60
1 18 0 71
1 17 0 54
1 20 0 60
1 19 0 64
1 21 0 74
2 0 0 88
2 1 2 88
2 2 0 93
2 3 0 107
2 4 0 100
2 5 0 112
2 6 2 95
2 7 0 105
2 8 0 111
2 9 0 96
2 10 0 108
2 11 0 103
2 12 0 125
2 13 0 126
2 14 0 112
2 16 2 116
2 15 0 126
2 18 0 130
2 17 0 121
2 20 1 116
2 19 0 130
2 21 0 133
3 0 0 2
3 1 0 2
3 2 2 5
3 3 0 8
3 4 1 19
3 5 0 15
3 6 0 30
3 7 0 26
3 8 2 21
3 9 0 27
3 10 2 35
3 11 1 36
3 12 0 14
3 13 2 30
3 14 1 17
3 16 0 43
3 15 1 36
3 18 0 42
3 17 0 39
3 20 0 46
3 19 2 42
3 21 0 49
4 0 0 7
4 1 0 11
4 2 0 8
4 3 0 7
4 4 0 9
4 5 2 23
4 6 0 13
4 7 1 14
4 8 2 20
4 9 0 13
4 10 0 15
4 11 1 25
4 12 2 21
4 13 2 33
4 14 0 36
4 16 0 48
4 15 0 35
4 18 2 43
4 17 0 51
4 20 0 51
4 19 0 54
4 21 0 56
