0 0 0 0
0 1 0 0
0 2 0 4
0 3 0 0
0 4 0 3
0 5 0 11
0 6 0 6
0 7 0 5
0 8 0 15
0 9 0 28
0 10 0 17
0 11 2 18
0 12 1 11
0 13 1 13
0 14 0 23
0 16 0 24
0 15 2 36
0 18 1 46
0 17 0 33
0 20 0 20
0 19 0 46
0 21 0 48
1 0 0 1
1 1 0 1
1 2 0 4
1 3 1 1
1 4 2 8
1 5 0 6
1 6 1 8
1 7 1 15
1 8 1 13
1 9 1 34
1 10 0 16
1 11 0 27
1 12 0 16
1 13 0 18
1 14 0 29
1 16 0 36
1 15 2 25
1 18 0 39
1 17 0 22
1 20 0 31
1 19 2 30
1 21 0 41
2 0 0 5
2 1 2 8
2 2 0 5
2 3 1 41
2 4 0 35
2 5 0 53
2 6 0 25
2 7 0 48
2 8 0 51
2 9 2 61
2 10 0 52
2 11 0 59
2 12 0 67
2 13 0 61
2 14 1 68
2 16 0 68
2 15 0 55
2 18 0 77
2 17 2 49
2 20 0 73
2 19 0 63
2 21 0 79
3 0 0 8
3 1 0 8
3 2 0 79
3 3 2 77
3 4 0 87
3 5 1 76
3 6 2 95
3 7 0 92
3 8 2 86
3 9 0 93
3 10 1 96
3 11 1 105
3 12 0 85
3 13 1 102
3 14 1 107
3 16 0 109
3 15 0 109
3 18 0 110
3 17 0 107
3 20 0 111
3 19 0 110
3 21 0 113
4 0 0 7
4 1 2 7
4 2 1 12
4 3 0 12
4 4 0 16
4 5 2 21
4 6 1 19
4 7 1 19
4 8 1 31
4 9 0 28
4 10 1 19
4 11 1 34
4 12 0 28
4 13 0 31
4 14 0 40
4 16 0 38
4 15 0 31
4 18 1 40
4 17 0 41
4 20 1 41
4 19 0 44
4 21 0 46
