0 0 0 0
0 1 0 0
0 2 0 11
0 3 0 0
0 4 0 3
0 5 0 9
0 6 0 4
0 7 0 6
0 8 0 7
0 9 1 20
0 10 0 12
0 11 2 28
0 12 1 7
0 13 1 19
0 14 0 28
0 16 0 29
0 15 2 19
0 18 1 22
0 17 0 33
0 20 1 24
0 19 0 35
0 21 0 37
1 0 0 1
1 1 0 1
1 2 0 3
1 3 2 18
1 4 2 10
1 5 0 8
1 6 1 10
1 7 1 28
1 8 0 15
1 9 1 37
1 10 0 22
1 11 0 32
1 12 0 20
1 13 0 14
1 14 0 39
1 16 0 39
1 15 2 24
1 18 0 42
1 17 0 31
1 20 0 39
1 19 2 34
1 21 0 44
2 0 0 45
2 1 0 45
2 2 0 80
2 3 0 76
2 4 0 86
2 5 0 89
2 6 0 67
2 7 0 76
2 8 1 83
2 9 0 79
2 10 0 83
2 11 0 89
2 12 0 91
2 13 0 87
2 14 1 93
2 16 2 91
2 15 0 101
2 18 0 106
2 17 0 99
2 20 1 101
2 19 0 105
2 21 0 108
3 0 0 4
3 1 0 4
3 2 0 58
3 3 1 36
3 4 0 15
3 5 2 9
3 6 0 50
3 7 0 27
3 8 2 49
3 9 0 55
3 10 1 58
3 11 1 64
3 12 0 64
3 13 0 65
3 14 0 70
3 16 0 72
3 15 0 73
3 18 0 71
3 17 0 70
3 20 0 74
3 19 0 73
3 21 0 76
4 0 0 9
4 1 2 9
4 2 0 12
4 3 0 10
4 4 0 16
4 5 2 18
4 6 1 23
4 7 1 27
4 8 1 36
4 9 0 37
4 10 1 20
4 11 2 35
4 12 1 29
4 13 0 44
4 14 0 41
4 16 0 42
4 15 0 31
4 18 1 43
4 17 0 45
4 20 1 45
4 19 0 48
4 21 0 50
