0 0 0 1
0 1 0 4
0 2 0 1
0 3 0 3
0 4 0 33
0 5 0 20
0 6 0 35
0 7 0 58
0 8 0 59
0 9 1 93
0 10 0 90
0 11 1 103
0 12 0 66
0 13 1 71
0 14 0 83
0 16 0 87
0 15 0 107
0 18 0 104
0 17 0 100
0 20 1 84
0 19 0 109
0 21 0 111
1 0 0 6
1 1 0 6
1 2 1 12
1 3 2 15
1 4 2 22
1 5 0 11
1 6 1 16
1 7 0 30
1 8 1 24
1 9 1 43
1 10 0 13
1 11 1 31
1 12 0 35
1 13 0 15
1 14 0 42
1 16 0 50
1 15 2 39
1 18 0 56
1 17 0 35
1 20 0 55
1 19 2 45
1 21 0 58
2 0 0 8
2 1 0 8
2 2 0 17
2 3 0 45
2 4 0 21
2 5 0 62
2 6 0 14
2 7 0 28
2 8 0 31
2 9 2 14
2 10 0 53
2 11 0 56
2 12 0 61
2 13 0 63
2 14 1 76
2 16 2 93
2 15 0 111
2 18 0 116
2 17 0 102
2 20 1 110
2 19 0 115
2 21 0 118
3 0 0 6
3 1 0 8
3 2 0 22
3 3 0 6
3 4 1 33
3 5 0 11
3 6 0 63
3 7 2 24
3 8 1 37
3 9 0 40
3 10 0 45
3 11 1 71
3 12 0 32
3 13 0 71
3 14 1 53
3 16 1 76
3 15 2 75
3 18 0 82
3 17 2 79
3 20 2 85
3 19 2 86
3 21 0 93
4 0 0 12
4 1 0 12
4 2 1 19
4 3 0 15
4 4 0 25
4 5 2 40
4 6 0 34
4 7 1 19
4 8 2 49
4 9 0 29
4 10 2 20
4 11 0 58
4 12 2 33
4 13 2 62
4 14 0 54
4 16 0 50
4 15 0 41
4 18 0 62
4 17 0 66
4 20 0 68
4 19 0 69
4 21 0 71
