0 0 0 0
0 1 0 2
0 2 0 0
0 3 0 0
0 4 1 3
0 5 1 8
0 6 0 31
0 7 0 3
0 8 0 3
0 9 0 9
0 10 0 4
0 11 2 5
0 12 2 14
0 13 1 19
0 14 0 29
0 16 0 44
0 15 0 16
0 18 1 19
0 17 0 40
0 20 1 30
0 19 0 36
0 22 0 39
0 21 0 14
0 24 0 32
0 23 2 23
0 26 0 41
0 25 0 34
0 28 0 42
0 27 0 34
0 30 0 42
0 29 0 46
0 31 0 47
1 0 0 4
1 1 2 4
1 2 1 5
1 3 2 12
1 4 1 14
1 5 1 26
1 6 1 11
1 7 1 25
1 8 2 27
1 9 0 24
1 10 2 46
1 11 2 36
1 12 2 61
1 13 0 36
1 14 2 22
1 16 2 47
1 15 0 23
1 18 1 56
1 17 1 39
1 20 1 51
1 19 2 47
1 22 0 70
1 21 2 54
1 24 2 71
1 23 0 65
1 26 2 69
1 25 1 81
1 28 0 88
1 27 2 71
1 30 2 62
1 29 2 84
1 31 0 89
2 0 0 9
2 1 0 9
2 2 1 9
2 3 0 15
2 4 0 12
2 5 0 24
2 6 0 14
2 7 1 16
2 8 0 26
2 9 2 30
2 10 0 18
2 11 2 21
2 12 0 26
2 13 0 31
2 14 1 23
2 16 0 37
2 15 0 27
2 18 1 40
2 17 1 23
2 20 2 19
2 19 0 37
2 22 2 32
2 21 2 36
2 24 2 20
2 23 0 33
2 26 2 41
2 25 0 37
2 28 1 43
2 27 0 41
2 30 0 48
2 29 2 40
2 31 0 49
3 0 0 45
3 1 2 45
3 2 1 53
3 3 0 70
3 4 1 53
3 5 0 83
3 6 0 56
3 7 0 87
3 8 0 88
3 9 0 73
3 10 0 74
3 11 0 78
3 12 2 55
3 13 2 70
3 14 0 94
3 16 1 84
3 15 0 81
3 18 2 84
3 17 0 82
3 20 1 94
3 19 0 94
3 22 0 86
3 21 0 82
3 24 0 85
3 23 1 99
3 26 0 95
3 25 0 80
3 28 2 97
3 27 0 89
3 30 0 100
3 29 0 99
3 31 0 101
4 0 0 20
4 1 1 20
4 2 1 29
4 3 0 20
4 4 2 21
4 5 1 40
4 6 0 29
4 7 0 33
4 8 1 32
4 9 0 28
4 10 2 32
4 11 0 29
4 12 2 35
4 13 2 35
4 14 0 38
4 16 0 31
4 15 1 34
4 18 2 50
4 17 2 44
4 20 1 45
4 19 0 42
4 22 0 45
4 21 2 38
4 24 1 47
4 23 0 41
4 26 2 44
4 25 0 47
4 28 1 53
4 27 1 50
4 30 0 53
4 29 0 55
4 31 0 57
