0 0 0 2
0 1 0 2
0 2 0 3
0 3 0 6
0 4 1 16
0 5 0 10
0 6 0 93
0 7 0 56
0 8 2 76
0 9 0 86
0 10 0 100
0 11 2 126
0 12 2 99
0 13 2 38
0 14 0 81
0 16 0 119
0 15 0 115
0 18 2 82
0 17 0 124
0 20 1 117
0 19 0 107
0 22 0 114
0 21 2 3
0 24 0 122
0 23 1 119
0 26 0 132
0 25 0 129
0 28 0 132
0 27 0 130
0 30 0 133
0 29 0 125
0 31 0 135
1 0 0 5
1 1 1 6
1 2 0 5
1 3 2 11
1 4 2 11
1 5 1 25
1 6 0 12
1 7 1 29
1 8 2 19
1 9 0 24
1 10 2 32
1 11 2 47
1 12 0 52
1 13 1 19
1 14 2 21
1 16 1 44
1 15 2 18
1 18 1 42
1 17 0 30
1 20 1 37
1 19 2 40
1 22 2 59
1 21 2 50
1 24 2 63
1 23 1 58
1 26 2 64
1 25 1 74
1 28 2 81
1 27 2 66
1 30 2 65
1 29 2 76
1 31 0 86
2 0 0 10
2 1 0 17
2 2 0 14
2 3 0 10
2 4 0 23
2 5 1 23
2 6 1 18
2 7 0 35
2 8 0 17
2 9 1 35
2 10 0 23
2 11 2 26
2 12 0 32
2 13 0 51
2 14 1 36
2 16 0 58
2 15 0 41
2 18 1 48
2 17 0 21
2 20 2 27
2 19 0 55
2 22 2 52
2 21 2 44
2 24 1 44
2 23 1 60
2 26 2 50
2 25 0 57
2 28 1 67
2 27 0 66
2 30 1 60
2 29 2 60
2 31 0 68
3 0 0 24
3 1 2 27
3 2 0 24
3 3 0 48
3 4 0 37
3 5 0 70
3 6 1 45
3 7 0 94
3 8 0 55
3 9 0 31
3 10 0 76
3 11 0 65
3 12 0 71
3 13 2 78
3 14 0 69
3 16 0 102
3 15 0 101
3 18 2 87
3 17 0 80
3 20 0 106
3 19 0 102
3 22 0 106
3 21 0 92
3 24 0 103
3 23 1 111
3 26 0 108
3 25 0 64
3 28 2 110
3 27 0 107
3 30 0 113
3 29 0 111
3 31 0 114
4 0 0 21
4 1 0 25
4 2 1 26
4 3 0 21
4 4 2 22
4 5 1 28
4 6 0 30
4 7 0 33
4 8 0 33
4 9 0 34
4 10 2 34
4 11 0 30
4 12 2 35
4 13 2 35
4 14 0 37
4 16 1 43
4 15 2 34
4 18 2 54
4 17 2 44
4 20 2 45
4 19 0 42
4 22 0 45
4 21 0 38
4 24 2 47
4 23 0 41
4 26 2 44
4 25 1 47
4 28 1 57
4 27 1 53
4 30 0 54
4 29 0 58
4 31 0 60
