0 0 0 0
0 1 0 0
0 2 0 1
0 3 0 0
0 4 1 8
0 5 2 13
0 6 0 44
0 7 0 5
0 8 0 31
0 9 0 18
0 10 1 3
0 11 2 13
0 12 2 46
0 13 1 38
0 14 0 48
0 16 1 50
0 15 0 26
0 18 1 39
0 17 0 28
0 20 1 54
0 19 0 53
0 22 0 48
0 21 2 6
0 24 0 56
0 23 0 47
0 26 0 64
0 25 0 59
0 28 0 55
0 27 0 65
0 30 0 67
0 29 2 59
0 31 0 69
1 0 0 5
1 1 0 6
1 2 0 5
1 3 2 9
1 4 1 9
1 5 1 8
1 6 2 6
1 7 1 19
1 8 2 15
1 9 0 25
1 10 2 15
1 11 2 27
1 12 1 30
1 13 1 41
1 14 1 47
1 16 2 58
1 15 0 30
1 18 1 31
1 17 1 31
1 20 1 51
1 19 2 41
1 22 2 40
1 21 2 54
1 24 2 44
1 23 0 64
1 26 2 65
1 25 2 55
1 28 2 67
1 27 2 64
1 30 2 65
1 29 0 75
1 31 0 76
2 0 0 9
2 1 0 9
2 2 0 9
2 3 2 9
2 4 0 13
2 5 0 15
2 6 0 13
2 7 1 17
2 8 0 13
2 9 2 26
2 10 0 17
2 11 2 18
2 12 0 17
2 13 0 29
2 14 1 28
2 16 0 37
2 15 0 25
2 18 2 39
2 17 0 15
2 20 2 19
2 19 0 23
2 22 0 32
2 21 2 30
2 24 1 19
2 23 1 30
2 26 2 38
2 25 0 36
2 28 0 43
2 27 0 38
2 30 0 47
2 29 2 41
2 31 0 48
3 0 0 23
3 1 2 23
3 2 0 49
3 3 1 67
3 4 0 55
3 5 0 81
3 6 0 69
3 7 0 93
3 8 0 58
3 9 0 80
3 10 0 75
3 11 0 79
3 12 0 83
3 13 1 74
3 14 0 91
3 16 1 89
3 15 0 87
3 18 2 83
3 17 0 82
3 20 1 96
3 19 0 96
3 22 0 92
3 21 0 81
3 24 0 88
3 23 1 101
3 26 0 93
3 25 0 90
3 28 2 99
3 27 2 91
3 30 0 102
3 29 0 101
3 31 0 103
4 0 0 20
4 1 1 21
4 2 1 22
4 3 0 20
4 4 2 21
4 5 1 25
4 6 1 29
4 7 0 29
4 8 1 32
4 9 0 32
4 10 2 32
4 11 0 30
4 12 2 30
4 13 2 35
4 14 0 38
4 16 0 41
4 15 1 33
4 18 2 51
4 17 2 44
4 20 2 44
4 19 0 40
4 22 0 45
4 21 2 35
4 24 1 48
4 23 0 39
4 26 2 44
4 25 0 47
4 28 1 54
4 27 1 50
4 30 0 53
4 29 0 55
4 31 0 57
