0 0 0 0
0 1 1 1
0 2 0 0
0 3 0 2
0 4 1 5
0 5 0 27
0 6 0 18
0 7 0 5
0 8 2 8
0 9 0 30
0 10 0 6
0 11 0 15
0 12 2 22
0 13 1 20
0 14 0 35
0 16 0 39
0 15 0 35
0 18 1 11
0 17 0 41
0 20 1 37
0 19 0 38
0 22 0 36
0 21 0 16
0 24 1 42
0 23 1 38
0 26 0 51
0 25 1 45
0 28 0 52
0 27 0 45
0 30 0 52
0 29 2 41
0 31 0 54
1 0 0 4
1 1 2 5
1 2 0 4
1 3 2 14
1 4 1 16
1 5 1 7
1 6 2 6
1 7 1 27
1 8 2 9
1 9 0 38
1 10 1 16
1 11 2 49
1 12 2 54
1 13 0 14
1 14 2 45
1 16 1 57
1 15 1 21
1 18 1 45
1 17 1 27
1 20 1 63
1 19 2 35
1 22 2 63
1 21 2 39
1 24 2 66
1 23 0 70
1 26 2 72
1 25 2 76
1 28 2 85
1 27 2 66
1 30 2 73
1 29 0 89
1 31 0 90
2 0 0 9
2 1 0 9
2 2 0 9
2 3 2 9
2 4 1 12
2 5 0 14
2 6 1 13
2 7 1 16
2 8 0 43
2 9 2 32
2 10 0 18
2 11 2 20
2 12 0 22
2 13 1 30
2 14 1 22
2 16 0 42
2 15 0 24
2 18 1 43
2 17 1 32
2 20 2 24
2 19 0 47
2 22 2 35
2 21 0 50
2 24 1 26
2 23 0 36
2 26 2 44
2 25 0 40
2 28 1 51
2 27 0 50
2 30 0 51
2 29 2 44
2 31 0 52
3 0 0 17
3 1 1 21
3 2 0 17
3 3 0 63
3 4 1 42
3 5 0 74
3 6 2 63
3 7 0 90
3 8 0 44
3 9 0 19
3 10 0 75
3 11 0 66
3 12 1 68
3 13 2 77
3 14 0 89
3 16 0 73
3 15 0 85
3 18 2 80
3 17 0 79
3 20 0 90
3 19 0 87
3 22 0 83
3 21 0 81
3 24 0 86
3 23 1 96
3 26 0 87
3 25 0 84
3 28 2 94
3 27 0 91
3 30 0 97
3 29 0 95
3 31 0 98
4 0 0 20
4 1 1 21
4 2 1 29
4 3 0 20
4 4 2 21
4 5 1 40
4 6 0 29
4 7 0 32
4 8 1 32
4 9 0 29
4 10 2 33
4 11 0 31
4 12 2 35
4 13 2 35
4 14 0 37
4 16 0 30
4 15 2 33
4 18 2 51
4 17 2 44
4 20 1 45
4 19 0 41
4 22 0 45
4 21 2 38
4 24 1 47
4 23 0 40
4 26 2 44
4 25 0 47
4 28 2 53
4 27 1 50
4 30 0 53
4 29 0 55
4 31 0 57
