0 0 0 1
0 1 1 1
0 2 0 11
0 3 2 1
0 4 1 15
0 5 0 67
0 6 0 68
0 7 0 15
0 8 1 14
0 9 0 48
0 10 2 53
0 11 0 69
0 12 2 70
0 13 0 40
0 14 0 67
0 16 0 72
0 15 0 57
0 18 2 36
0 17 0 95
0 20 1 87
0 19 0 79
0 22 0 96
0 21 2 74
0 24 1 89
0 23 0 74
0 26 0 96
0 25 0 92
0 28 0 97
0 27 0 98
0 30 0 101
0 29 0 83
0 31 0 103
1 0 0 4
1 1 2 7
1 2 0 4
1 3 2 35
1 4 1 23
1 5 1 6
1 6 2 5
1 7 1 32
1 8 2 40
1 9 0 46
1 10 2 40
1 11 2 54
1 12 0 64
1 13 1 74
1 14 2 21
1 16 1 85
1 15 1 28
1 18 1 60
1 17 1 65
1 20 1 96
1 19 2 75
1 22 2 72
1 21 2 81
1 24 2 77
1 23 2 103
1 26 2 112
1 25 2 100
1 28 2 122
1 27 2 104
1 30 2 91
1 29 2 122
1 31 0 127
2 0 0 9
2 1 0 10
2 2 0 9
2 3 2 24
2 4 0 13
2 5 1 27
2 6 1 17
2 7 1 29
2 8 0 71
2 9 0 53
2 10 0 24
2 11 2 35
2 12 0 38
2 13 1 54
2 14 1 30
2 16 1 65
2 15 0 46
2 18 1 76
2 17 0 36
2 20 2 38
2 19 0 80
2 22 2 63
2 21 2 72
2 24 0 61
2 23 1 63
2 26 0 70
2 25 0 73
2 28 1 84
2 27 0 83
2 30 0 84
2 29 2 76
2 31 0 85
3 0 0 17
3 1 2 17
3 2 0 59
3 3 0 21
3 4 0 24
3 5 0 119
3 6 0 25
3 7 0 127
3 8 0 139
3 9 0 100
3 10 0 30
3 11 0 76
3 12 0 53
3 13 0 134
3 14 0 147
3 16 0 124
3 15 0 140
3 18 2 133
3 17 0 118
3 20 0 154
3 19 0 166
3 22 0 128
3 21 0 113
3 24 0 144
3 23 1 162
3 26 0 148
3 25 0 146
3 28 2 162
3 27 0 145
3 30 0 170
3 29 0 158
3 31 0 171
4 0 0 26
4 1 0 26
4 2 1 75
4 3 1 33
4 4 2 35
4 5 1 71
4 6 1 47
4 7 0 33
4 8 1 65
4 9 0 56
4 10 2 72
4 11 0 44
4 12 0 63
4 13 2 68
4 14 0 75
4 16 0 67
4 15 0 47
4 18 0 95
4 17 2 83
4 20 2 91
4 19 2 84
4 22 0 91
4 21 0 87
4 24 2 97
4 23 0 62
4 26 2 86
4 25 0 95
4 28 1 107
4 27 0 101
4 30 1 98
4 29 2 105
4 31 0 110
