0 0 0 0
0 1 0 14
0 2 0 1
0 3 0 0
0 4 0 3
0 5 0 5
0 6 1 5
0 7 2 4
0 8 2 47
0 9 0 56
0 10 0 14
0 11 0 63
1 0 0 4
1 1 0 4
1 2 0 11
1 3 0 8
1 4 0 13
1 5 2 31
1 6 0 12
1 7 0 18
1 8 0 38
1 9 0 46
1 10 0 56
1 11 0 59
2 0 0 27
2 1 0 114
2 2 1 27
2 3 2 98
2 4 0 168
2 5 0 135
2 6 0 170
2 7 0 148
2 8 0 153
2 9 2 170
2 10 0 172
2 11 0 178
3 0 0 156
3 1 0 160
3 2 2 156
3 3 2 178
3 4 1 174
3 5 2 176
3 6 2 185
3 7 2 189
3 8 2 192
3 9 1 199
3 10 2 186
3 11 0 208
4 0 0 9
4 1 0 12
4 2 0 9
4 3 0 37
4 4 0 36
4 5 0 13
4 6 0 47
4 7 0 40
4 8 0 52
4 9 0 38
4 10 0 49
4 11 0 53
5 0 0 14
5 1 2 19
5 2 1 19
5 3 0 14
5 4 0 103
5 5 0 68
5 6 2 41
5 7 0 107
5 8 0 145
5 9 2 118
5 10 2 120
5 11 0 148
6 0 0 93
6 1 2 130
6 2 1 120
6 3 2 93
6 4 2 128
6 5 2 138
6 6 1 148
6 7 1 138
6 8 0 151
6 9 0 144
6 10 1 154
6 11 0 160
7 0 0 26
7 1 2 26
7 2 0 45
7 3 2 32
7 4 0 72
7 5 0 44
7 6 2 77
7 7 2 56
7 8 0 51
7 9 0 108
7 10 0 114
7 11 0 120
8 0 0 41
8 1 0 81
8 2 1 41
8 3 0 53
8 4 0 63
8 5 0 65
8 6 1 71
8 7 0 91
8 8 0 93
8 9 0 96
8 10 0 88
8 11 0 97
9 0 0 36
9 1 1 85
9 2 1 91
9 3 2 36
9 4 1 81
9 5 0 97
9 6 0 107
9 7 2 65
9 8 0 111
9 9 1 120
9 10 2 107
9 11 0 130
