0 0 0 0
0 1 2 1
0 2 0 3
0 3 0 0
0 4 0 5
0 5 0 12
0 6 2 8
0 7 2 17
0 8 2 36
0 9 0 47
0 10 1 33
0 11 0 54
1 0 0 7
1 1 1 7
1 2 0 9
1 3 0 28
1 4 0 32
1 5 2 61
1 6 0 62
1 7 1 63
1 8 0 68
1 9 2 90
1 10 0 74
1 11 0 100
2 0 0 66
2 1 0 106
2 2 1 116
2 3 1 66
2 4 0 131
2 5 0 109
2 6 1 117
2 7 0 125
2 8 0 130
2 9 2 133
2 10 0 133
2 11 0 141
3 0 0 172
3 1 1 174
3 2 2 172
3 3 2 183
3 4 0 182
3 5 2 183
3 6 2 192
3 7 2 196
3 8 2 196
3 9 2 206
3 10 2 210
3 11 0 216
4 0 0 9
4 1 0 23
4 2 0 10
4 3 0 9
4 4 0 25
4 5 2 32
4 6 0 52
4 7 0 32
4 8 0 54
4 9 0 42
4 10 0 48
4 11 0 55
5 0 0 14
5 1 2 15
5 2 1 14
5 3 1 70
5 4 0 22
5 5 0 29
5 6 2 79
5 7 0 93
5 8 0 94
5 9 0 100
5 10 2 94
5 11 0 106
6 0 0 44
6 1 2 156
6 2 1 44
6 3 1 61
6 4 2 106
6 5 2 123
6 6 0 135
6 7 1 141
6 8 0 162
6 9 2 135
6 10 2 164
6 11 0 174
7 0 0 109
7 1 0 141
7 2 0 128
7 3 2 109
7 4 0 145
7 5 0 129
7 6 2 136
7 7 2 141
7 8 0 161
7 9 0 150
7 10 0 156
7 11 0 162
8 0 0 26
8 1 0 54
8 2 1 33
8 3 0 26
8 4 0 45
8 5 2 36
8 6 1 80
8 7 0 77
8 8 1 85
8 9 0 79
8 10 0 90
8 11 0 93
9 0 0 27
9 1 1 40
9 2 0 47
9 3 2 27
9 4 0 40
9 5 1 40
9 6 0 56
9 7 2 37
9 8 0 60
9 9 1 61
9 10 2 54
9 11 0 71
