0 0 0 0
0 1 0 48
0 2 0 2
0 3 1 0
0 4 0 17
0 5 2 80
0 6 1 31
0 7 2 7
0 8 2 53
0 9 1 91
0 10 1 22
0 11 0 99
1 0 0 14
1 1 1 14
1 2 0 19
1 3 0 19
1 4 0 28
1 5 2 54
1 6 0 27
1 7 0 28
1 8 0 60
1 9 0 63
1 10 0 29
1 11 0 68
2 0 0 5
2 1 1 7
2 2 0 5
2 3 0 64
2 4 0 91
2 5 0 21
2 6 0 93
2 7 0 87
2 8 0 90
2 9 2 108
2 10 0 113
2 11 0 116
3 0 0 167
3 1 2 167
3 2 1 174
3 3 2 181
3 4 1 177
3 5 2 179
3 6 0 188
3 7 2 190
3 8 2 191
3 9 2 200
3 10 1 200
3 11 0 210
4 0 0 14
4 1 0 15
4 2 0 14
4 3 0 19
4 4 0 19
4 5 0 18
4 6 0 49
4 7 0 20
4 8 0 54
4 9 0 32
4 10 0 54
4 11 0 58
5 0 0 22
5 1 2 68
5 2 2 37
5 3 0 22
5 4 0 109
5 5 0 46
5 6 2 122
5 7 0 140
5 8 2 141
5 9 2 141
5 10 2 130
5 11 0 151
6 0 0 75
6 1 2 115
6 2 1 75
6 3 1 95
6 4 2 99
6 5 2 120
6 6 0 127
6 7 1 117
6 8 0 128
6 9 2 116
6 10 2 130
6 11 0 140
7 0 0 33
7 1 1 152
7 2 1 33
7 3 2 130
7 4 0 156
7 5 0 151
7 6 2 156
7 7 2 152
7 8 0 160
7 9 0 161
7 10 1 167
7 11 0 173
8 0 0 34
8 1 1 38
8 2 1 34
8 3 0 51
8 4 0 78
8 5 2 80
8 6 1 68
8 7 0 84
8 8 0 105
8 9 1 86
8 10 2 99
8 11 0 108
9 0 0 26
9 1 1 28
9 2 1 49
9 3 2 26
9 4 0 36
9 5 0 57
9 6 0 55
9 7 2 46
9 8 0 62
9 9 0 58
9 10 2 54
9 11 0 64
