0 0 0 71
0 1 0 110
0 2 2 71
0 3 0 109
0 4 0 114
0 5 0 123
0 6 1 116
0 7 2 110
0 8 2 121
0 9 1 129
0 10 0 132
0 11 0 137
1 0 0 84
1 1 1 91
1 2 0 84
1 3 0 97
1 4 0 96
1 5 2 109
1 6 0 108
1 7 0 119
1 8 0 112
1 9 0 118
1 10 0 120
1 11 0 123
2 0 0 7
2 1 0 7
2 2 0 46
2 3 2 16
2 4 0 56
2 5 0 46
2 6 0 66
2 7 0 33
2 8 0 55
2 9 2 62
2 10 0 68
2 11 0 70
3 0 0 10
3 1 2 10
3 2 0 190
3 3 2 194
3 4 0 136
3 5 2 173
3 6 2 190
3 7 2 194
3 8 1 201
3 9 2 205
3 10 2 209
3 11 0 215
4 0 0 84
4 1 0 147
4 2 0 84
4 3 0 168
4 4 0 159
4 5 0 118
4 6 1 162
4 7 1 166
4 8 0 172
4 9 0 169
4 10 0 123
4 11 0 173
5 0 0 58
5 1 0 88
5 2 2 81
5 3 2 58
5 4 0 92
5 5 0 97
5 6 2 78
5 7 0 96
5 8 0 106
5 9 0 100
5 10 2 100
5 11 0 110
6 0 0 152
6 1 2 161
6 2 1 154
6 3 2 152
6 4 2 162
6 5 2 172
6 6 1 179
6 7 1 173
6 8 0 182
6 9 0 171
6 10 1 184
6 11 0 190
7 0 0 109
7 1 2 109
7 2 0 117
7 3 0 114
7 4 0 127
7 5 0 116
7 6 2 125
7 7 2 127
7 8 0 137
7 9 2 137
7 10 1 145
7 11 0 151
8 0 0 20
8 1 0 36
8 2 1 20
8 3 0 43
8 4 0 70
8 5 2 58
8 6 1 23
8 7 0 72
8 8 0 78
8 9 0 74
8 10 0 75
8 11 0 81
9 0 0 125
9 1 1 139
9 2 0 145
9 3 2 125
9 4 0 138
9 5 0 144
9 6 0 149
9 7 2 136
9 8 0 152
9 9 1 151
9 10 0 146
9 11 0 161
