0 0 0 2
0 1 2 17
0 2 2 2
0 3 0 4
0 4 0 11
0 5 0 35
0 6 1 22
0 7 2 11
0 8 2 27
0 9 0 40
0 10 1 28
0 11 0 47
1 0 0 8
1 1 1 9
1 2 0 10
1 3 0 8
1 4 0 13
1 5 2 14
1 6 0 14
1 7 0 27
1 8 0 15
1 9 0 27
1 10 0 28
1 11 0 32
2 0 0 32
2 1 0 54
2 2 0 58
2 3 0 32
2 4 0 68
2 5 0 60
2 6 0 72
2 7 0 37
2 8 0 67
2 9 2 70
2 10 0 74
2 11 0 78
3 0 0 17
3 1 2 17
3 2 0 157
3 3 2 126
3 4 1 70
3 5 2 140
3 6 1 158
3 7 2 164
3 8 1 170
3 9 2 174
3 10 1 174
3 11 0 184
4 0 0 12
4 1 0 14
4 2 0 13
4 3 0 12
4 4 0 33
4 5 0 36
4 6 1 37
4 7 0 46
4 8 0 47
4 9 0 40
4 10 0 42
4 11 0 48
5 0 0 124
5 1 2 184
5 2 2 189
5 3 0 124
5 4 2 191
5 5 0 199
5 6 2 183
5 7 0 198
5 8 0 202
5 9 0 206
5 10 2 202
5 11 0 212
6 0 0 50
6 1 2 151
6 2 1 50
6 3 2 92
6 4 2 130
6 5 2 141
6 6 1 158
6 7 1 151
6 8 0 162
6 9 0 115
6 10 1 164
6 11 0 170
7 0 0 48
7 1 0 133
7 2 0 48
7 3 0 80
7 4 0 137
7 5 0 89
7 6 2 116
7 7 2 112
7 8 0 87
7 9 2 148
7 10 1 142
7 11 0 156
8 0 0 49
8 1 0 102
8 2 1 49
8 3 0 109
8 4 0 85
8 5 2 76
8 6 1 92
8 7 0 90
8 8 1 116
8 9 1 112
8 10 0 121
8 11 0 124
9 0 0 35
9 1 1 68
9 2 0 52
9 3 2 35
9 4 0 55
9 5 0 82
9 6 0 78
9 7 2 50
9 8 0 88
9 9 1 80
9 10 2 80
9 11 0 90
