0 0 0 0
0 1 2 0
0 2 0 2
0 3 1 0
0 4 1 5
0 5 2 4
0 6 2 5
0 7 2 10
0 8 2 3
0 9 2 11
0 10 0 12
0 11 0 15
0 12 2 4
0 13 2 15
0 14 0 25
0 16 0 26
0 15 2 18
0 18 2 23
0 17 1 19
0 20 0 27
0 19 2 25
0 21 0 32
1 0 0 11
1 1 0 11
1 2 0 13
1 3 1 11
1 4 0 12
1 5 0 14
1 6 0 38
1 7 0 17
1 8 2 97
1 9 0 18
1 10 0 89
1 11 0 94
1 12 1 96
1 13 0 109
1 14 0 108
1 16 1 106
1 15 1 112
1 18 0 123
1 17 1 117
1 20 0 120
1 19 0 117
1 21 0 125
2 0 0 17
2 1 0 17
2 2 0 19
2 3 2 18
2 4 0 20
2 5 0 25
2 6 0 33
2 7 0 26
2 8 1 21
2 9 2 26
2 10 1 30
2 11 0 39
2 12 1 33
2 13 0 27
2 14 1 46
2 16 0 43
2 15 0 41
2 18 0 56
2 17 1 50
2 20 0 55
2 19 0 55
2 21 0 57
3 0 0 19
3 1 2 22
3 2 2 19
3 3 0 22
3 4 0 31
3 5 1 29
3 6 0 32
3 7 0 54
3 8 2 38
3 9 2 33
3 10 0 29
3 11 0 32
3 12 2 47
3 13 1 47
3 14 1 56
3 16 0 61
3 15 2 65
3 18 0 64
3 17 1 64
3 20 1 74
3 19 0 64
3 21 0 75
4 0 0 28
4 1 0 33
4 2 2 34
4 3 1 28
4 4 0 37
4 5 1 37
4 6 0 37
4 7 2 43
4 8 2 41
4 9 0 39
4 10 2 42
4 11 0 52
4 12 1 52
4 13 2 47
4 14 1 38
4 16 1 40
4 15 0 57
4 18 0 57
4 17 0 58
4 20 0 61
4 19 1 54
4 21 0 62
5 0 0 32
5 1 0 32
5 2 0 32
5 3 0 32
5 4 2 39
5 5 2 33
5 6 0 39
5 7 0 41
5 8 1 46
5 9 0 47
5 10 0 52
5 11 0 35
5 12 1 38
5 13 1 48
5 14 0 56
5 16 0 50
5 15 1 56
5 18 0 58
5 17 0 53
5 20 0 59
5 19 0 59
5 21 0 61
6 0 0 42
6 1 0 65
6 2 0 42
6 3 0 61
6 4 0 69
6 5 0 86
6 6 0 82
6 7 0 92
6 8 1 73
6 9 0 84
6 10 2 88
6 11 0 95
6 12 0 93
6 13 1 96
6 14 0 93
6 16 0 104
6 15 2 96
6 18 0 106
6 17 2 95
6 20 0 104
6 19 1 105
6 21 0 109
7 0 0 102
7 1 1 116
7 2 1 112
7 3 2 102
7 4 2 111
7 5 2 111
7 6 2 124
7 7 2 123
7 8 2 124
7 9 0 125
7 10 0 128
7 11 2 132
7 12 0 129
7 13 0 130
7 14 1 133
7 16 2 136
7 15 2 134
7 18 2 144
7 17 2 136
7 20 2 145
7 19 2 145
7 21 0 154
8 0 0 48
8 1 0 58
8 2 1 52
8 3 2 48
8 4 0 58
8 5 0 56
8 6 0 61
8 7 0 63
8 8 1 60
8 9 1 63
8 10 1 69
8 11 1 70
8 12 0 71
8 13 0 71
8 14 1 78
8 16 0 78
8 15 1 67
8 18 0 81
8 17 1 77
8 20 0 83
8 19 0 82
8 21 0 84
9 0 0 60
9 1 2 60
9 2 1 60
9 3 0 63
9 4 1 68
9 5 0 84
9 6 0 67
9 7 0 65
9 8 0 68
9 9 0 76
9 10 2 73
9 11 1 74
9 12 2 78
9 13 1 66
9 14 1 78
9 16 0 72
9 15 1 82
9 18 0 90
9 17 0 86
9 20 0 88
9 19 0 89
9 21 0 93
