0 0 0 0
0 1 0 0
0 2 0 0
0 3 2 0
0 4 2 10
0 5 2 1
0 6 2 9
0 7 2 15
0 8 2 2
0 9 2 10
0 10 2 14
0 11 1 22
0 12 2 3
0 13 0 19
0 14 0 25
0 16 0 26
0 15 2 18
0 18 1 27
0 17 0 24
0 20 2 27
0 19 2 24
0 21 0 36
1 0 0 11
1 1 0 11
1 2 0 16
1 3 1 11
1 4 0 12
1 5 0 15
1 6 0 54
1 7 0 17
1 8 0 79
1 9 0 17
1 10 0 73
1 11 0 18
1 12 0 21
1 13 0 89
1 14 0 13
1 16 1 68
1 15 1 87
1 18 1 92
1 17 1 81
1 20 0 93
1 19 0 92
1 21 0 98
2 0 0 17
2 1 0 26
2 2 0 17
2 3 2 29
2 4 0 19
2 5 0 22
2 6 0 43
2 7 0 55
2 8 1 21
2 9 1 26
2 10 1 45
2 11 0 50
2 12 0 34
2 13 0 64
2 14 0 59
2 16 0 54
2 15 0 53
2 18 0 68
2 17 1 62
2 20 0 69
2 19 0 69
2 21 0 70
3 0 0 19
3 1 1 19
3 2 2 19
3 3 0 21
3 4 0 42
3 5 1 28
3 6 0 31
3 7 0 33
3 8 1 36
3 9 2 34
3 10 0 47
3 11 0 42
3 12 2 59
3 13 2 52
3 14 1 65
3 16 2 59
3 15 0 74
3 18 1 76
3 17 0 70
3 20 0 79
3 19 1 56
3 21 0 80
4 0 0 28
4 1 0 28
4 2 2 33
4 3 1 29
4 4 0 38
4 5 0 40
4 6 0 30
4 7 2 38
4 8 0 41
4 9 0 32
4 10 2 39
4 11 0 47
4 12 1 49
4 13 1 46
4 14 2 36
4 16 0 47
4 15 0 54
4 18 2 52
4 17 0 55
4 20 0 59
4 19 1 53
4 21 0 60
5 0 0 32
5 1 0 32
5 2 0 36
5 3 0 32
5 4 2 40
5 5 0 34
5 6 0 35
5 7 0 46
5 8 1 36
5 9 2 42
5 10 0 48
5 11 0 33
5 12 1 35
5 13 0 45
5 14 0 50
5 16 1 43
5 15 1 48
5 18 0 52
5 17 0 49
5 20 0 52
5 19 0 52
5 21 0 54
6 0 0 42
6 1 0 68
6 2 0 42
6 3 0 71
6 4 0 74
6 5 0 80
6 6 0 78
6 7 1 86
6 8 1 77
6 9 1 82
6 10 0 98
6 11 1 91
6 12 0 90
6 13 1 98
6 14 0 104
6 16 0 107
6 15 2 98
6 18 0 110
6 17 2 101
6 20 0 108
6 19 1 108
6 21 0 112
7 0 0 67
7 1 1 112
7 2 0 67
7 3 2 106
7 4 2 116
7 5 2 123
7 6 1 125
7 7 2 107
7 8 2 122
7 9 0 133
7 10 0 136
7 11 2 136
7 12 2 120
7 13 1 129
7 14 1 133
7 16 2 137
7 15 2 133
7 18 2 144
7 17 2 136
7 20 2 144
7 19 2 144
7 21 0 153
8 0 0 49
8 1 0 59
8 2 0 50
8 3 2 49
8 4 0 58
8 5 0 56
8 6 0 59
8 7 0 66
8 8 1 59
8 9 1 61
8 10 0 65
8 11 2 60
8 12 0 69
8 13 0 68
8 14 1 66
8 16 0 70
8 15 0 65
8 18 0 75
8 17 1 70
8 20 0 77
8 19 2 72
8 21 0 78
9 0 0 58
9 1 2 74
9 2 1 70
9 3 0 58
9 4 0 114
9 5 0 120
9 6 0 73
9 7 0 84
9 8 0 88
9 9 0 106
9 10 2 95
9 11 1 101
9 12 2 110
9 13 1 112
9 14 1 115
9 16 0 119
9 15 0 119
9 18 0 124
9 17 0 122
9 20 0 124
9 19 0 128
9 21 0 129
