0 0 0 0
0 1 0 1
0 2 0 2
0 3 2 0
0 4 1 9
0 5 2 3
0 6 2 9
0 7 2 14
0 8 2 4
0 9 2 14
0 10 2 13
0 11 1 22
0 12 2 8
0 13 0 19
0 14 0 25
0 16 2 26
0 15 2 23
0 18 1 25
0 17 0 23
0 20 0 32
0 19 0 32
0 21 0 37
1 0 0 11
1 1 0 11
1 2 0 16
1 3 0 33
1 4 0 12
1 5 0 13
1 6 0 71
1 7 0 70
1 8 2 104
1 9 0 18
1 10 0 114
1 11 2 92
1 12 0 110
1 13 0 122
1 14 0 72
1 16 0 118
1 15 0 118
1 18 0 131
1 17 0 125
1 20 0 127
1 19 0 125
1 21 0 132
2 0 0 17
2 1 0 21
2 2 0 17
2 3 2 17
2 4 0 18
2 5 0 19
2 6 0 23
2 7 0 24
2 8 1 19
2 9 0 24
2 10 1 26
2 11 0 26
2 12 1 27
2 13 0 30
2 14 0 34
2 16 0 37
2 15 0 32
2 18 0 50
2 17 1 44
2 20 0 42
2 19 0 47
2 21 0 51
3 0 0 20
3 1 2 22
3 2 1 20
3 3 0 49
3 4 0 53
3 5 0 27
3 6 2 34
3 7 0 60
3 8 0 53
3 9 2 46
3 10 0 56
3 11 2 38
3 12 2 64
3 13 2 59
3 14 1 69
3 16 2 65
3 15 0 79
3 18 0 79
3 17 2 74
3 20 1 84
3 19 0 80
3 21 0 85
4 0 0 28
4 1 0 28
4 2 2 39
4 3 1 28
4 4 0 37
4 5 1 32
4 6 0 30
4 7 0 48
4 8 2 37
4 9 0 35
4 10 2 38
4 11 0 47
4 12 1 48
4 13 1 44
4 14 2 31
4 16 1 42
4 15 0 52
4 18 0 51
4 17 0 53
4 20 0 56
4 19 1 50
4 21 0 57
5 0 0 32
5 1 0 37
5 2 2 34
5 3 0 32
5 4 2 39
5 5 0 38
5 6 0 40
5 7 1 43
5 8 2 34
5 9 0 47
5 10 0 48
5 11 2 37
5 12 1 43
5 13 1 48
5 14 0 50
5 16 1 45
5 15 0 51
5 18 0 54
5 17 0 50
5 20 0 52
5 19 0 54
5 21 0 56
6 0 0 52
6 1 0 52
6 2 0 68
6 3 0 82
6 4 0 76
6 5 0 86
6 6 0 94
6 7 0 95
6 8 1 81
6 9 1 96
6 10 1 95
6 11 0 98
6 12 0 93
6 13 2 96
6 14 0 102
6 16 0 104
6 15 0 99
6 18 0 105
6 17 0 99
6 20 0 107
6 19 1 105
6 21 0 109
7 0 0 85
7 1 1 104
7 2 0 109
7 3 2 85
7 4 2 110
7 5 2 110
7 6 2 120
7 7 2 111
7 8 2 122
7 9 0 132
7 10 0 135
7 11 0 139
7 12 2 111
7 13 2 132
7 14 1 136
7 16 2 137
7 15 1 137
7 18 1 145
7 17 2 139
7 20 1 149
7 19 1 147
7 21 0 156
8 0 0 48
8 1 0 48
8 2 2 50
8 3 2 48
8 4 0 55
8 5 0 55
8 6 0 56
8 7 0 57
8 8 0 58
8 9 1 57
8 10 0 59
8 11 1 58
8 12 0 62
8 13 0 62
8 14 1 64
8 16 0 65
8 15 0 61
8 18 0 67
8 17 1 64
8 20 0 69
8 19 0 67
8 21 0 70
9 0 0 56
9 1 2 59
9 2 1 56
9 3 0 59
9 4 0 62
9 5 0 74
9 6 0 61
9 7 0 72
9 8 1 74
9 9 0 76
9 10 2 83
9 11 1 72
9 12 2 78
9 13 2 61
9 14 1 78
9 16 0 82
9 15 0 86
9 18 1 92
9 17 0 84
9 20 0 91
9 19 0 92
9 21 0 96
