0 0 0 0
0 1 2 0
0 2 0 0
0 3 1 0
0 4 2 5
0 5 1 3
0 6 2 5
0 7 2 10
0 8 0 3
0 9 1 14
0 10 2 12
0 11 1 15
0 12 2 4
0 13 2 15
0 14 0 25
0 16 1 26
0 15 2 20
0 18 2 27
0 17 1 22
0 20 2 29
0 19 0 26
0 21 0 38
1 0 0 12
1 1 0 12
1 2 0 56
1 3 0 59
1 4 0 16
1 5 0 71
1 6 0 85
1 7 0 88
1 8 2 99
1 9 0 21
1 10 0 104
1 11 0 109
1 12 0 89
1 13 0 128
1 14 0 111
1 16 1 119
1 15 0 121
1 18 0 131
1 17 0 132
1 20 0 134
1 19 0 131
1 21 0 139
2 0 0 17
2 1 0 17
2 2 0 17
2 3 2 17
2 4 0 18
2 5 0 24
2 6 0 27
2 7 0 26
2 8 1 19
2 9 1 24
2 10 1 27
2 11 0 35
2 12 1 27
2 13 0 33
2 14 0 42
2 16 0 41
2 15 0 40
2 18 0 54
2 17 1 48
2 20 0 41
2 19 0 52
2 21 0 55
3 0 0 21
3 1 1 27
3 2 2 21
3 3 0 26
3 4 2 63
3 5 1 30
3 6 0 35
3 7 0 53
3 8 2 60
3 9 1 62
3 10 0 31
3 11 0 34
3 12 0 82
3 13 2 73
3 14 1 85
3 16 2 86
3 15 0 94
3 18 1 96
3 17 0 95
3 20 1 99
3 19 0 90
3 21 0 100
4 0 0 48
4 1 0 48
4 2 2 67
4 3 1 77
4 4 0 95
4 5 0 74
4 6 0 69
4 7 2 94
4 8 0 104
4 9 0 85
4 10 2 100
4 11 0 114
4 12 1 114
4 13 2 103
4 14 1 87
4 16 0 96
4 15 1 112
4 18 0 124
4 17 0 125
4 20 0 129
4 19 2 123
4 21 0 130
5 0 0 32
5 1 0 32
5 2 0 38
5 3 0 33
5 4 2 36
5 5 2 33
5 6 0 39
5 7 0 44
5 8 1 38
5 9 0 47
5 10 1 45
5 11 0 35
5 12 0 44
5 13 1 49
5 14 0 50
5 16 0 46
5 15 0 52
5 18 0 53
5 17 0 50
5 20 0 53
5 19 0 53
5 21 0 55
6 0 0 33
6 1 0 55
6 2 0 36
6 3 0 33
6 4 0 44
6 5 0 38
6 6 0 60
6 7 1 48
6 8 1 63
6 9 0 68
6 10 0 73
6 11 0 58
6 12 0 52
6 13 2 55
6 14 0 76
6 16 0 77
6 15 0 72
6 18 0 78
6 17 2 71
6 20 0 80
6 19 1 79
6 21 0 83
7 0 0 83
7 1 1 129
7 2 0 83
7 3 2 85
7 4 2 123
7 5 2 109
7 6 0 141
7 7 2 140
7 8 2 134
7 9 0 137
7 10 0 140
7 11 1 150
7 12 2 136
7 13 0 146
7 14 2 145
7 16 2 150
7 15 2 150
7 18 1 158
7 17 2 154
7 20 2 162
7 19 2 162
7 21 0 171
8 0 0 48
8 1 0 50
8 2 2 51
8 3 2 48
8 4 0 55
8 5 0 55
8 6 0 58
8 7 0 58
8 8 1 58
8 9 1 59
8 10 0 62
8 11 1 58
8 12 0 64
8 13 0 64
8 14 0 66
8 16 0 67
8 15 0 63
8 18 0 69
8 17 1 66
8 20 0 71
8 19 0 69
8 21 0 72
9 0 0 80
9 1 0 80
9 2 1 84
9 3 0 87
9 4 1 89
9 5 0 103
9 6 0 97
9 7 0 98
9 8 0 100
9 9 0 102
9 10 0 113
9 11 1 100
9 12 2 105
9 13 1 100
9 14 1 105
9 16 0 112
9 15 2 109
9 18 0 120
9 17 2 109
9 20 0 118
9 19 0 120
9 21 0 123
