0 0 0 1
0 1 2 4
0 2 0 6
0 3 2 1
0 4 2 11
0 5 1 8
0 6 2 10
0 7 2 16
0 8 0 12
0 9 1 16
0 10 2 18
0 11 1 22
0 12 2 11
0 13 0 21
0 14 0 27
0 16 1 28
0 15 2 24
0 18 2 29
0 17 1 25
0 20 0 33
0 19 0 26
0 21 0 38
1 0 0 13
1 1 0 13
1 2 0 25
1 3 0 15
1 4 0 21
1 5 0 56
1 6 0 107
1 7 0 29
1 8 2 151
1 9 0 108
1 10 0 157
1 11 0 125
1 12 0 140
1 13 0 167
1 14 0 149
1 16 1 148
1 15 0 163
1 18 0 173
1 17 0 159
1 20 0 161
1 19 0 170
1 21 0 176
2 0 0 18
2 1 0 36
2 2 0 18
2 3 2 36
2 4 0 20
2 5 0 24
2 6 0 39
2 7 0 43
2 8 1 24
2 9 1 30
2 10 1 33
2 11 0 38
2 12 1 38
2 13 0 47
2 14 0 48
2 16 0 47
2 15 0 45
2 18 0 61
2 17 1 55
2 20 0 59
2 19 0 60
2 21 0 62
3 0 0 24
3 1 1 30
3 2 2 24
3 3 0 24
3 4 0 43
3 5 1 33
3 6 2 45
3 7 0 56
3 8 2 65
3 9 1 72
3 10 0 36
3 11 0 47
3 12 2 80
3 13 2 79
3 14 1 88
3 16 0 82
3 15 0 97
3 18 2 99
3 17 0 90
3 20 2 102
3 19 0 91
3 21 0 112
4 0 0 30
4 1 0 30
4 2 2 58
4 3 2 37
4 4 0 53
4 5 1 32
4 6 0 47
4 7 2 62
4 8 2 58
4 9 0 55
4 10 2 57
4 11 0 72
4 12 1 67
4 13 2 60
4 14 0 33
4 16 0 62
4 15 0 71
4 18 0 75
4 17 0 76
4 20 0 79
4 19 2 74
4 21 0 80
5 0 0 33
5 1 0 33
5 2 0 42
5 3 0 35
5 4 2 39
5 5 2 38
5 6 0 50
5 7 1 49
5 8 1 45
5 9 0 57
5 10 1 53
5 11 0 41
5 12 1 48
5 13 1 54
5 14 0 60
5 16 0 53
5 15 0 58
5 18 0 61
5 17 0 60
5 20 0 62
5 19 0 63
5 21 0 64
6 0 0 49
6 1 0 82
6 2 0 49
6 3 0 75
6 4 0 72
6 5 0 86
6 6 0 96
6 7 1 104
6 8 1 83
6 9 0 97
6 10 0 102
6 11 0 122
6 12 0 113
6 13 2 109
6 14 0 112
6 16 0 130
6 15 0 125
6 18 0 130
6 17 2 119
6 20 0 123
6 19 1 131
6 21 0 135
7 0 0 85
7 1 1 95
7 2 0 94
7 3 2 85
7 4 2 115
7 5 2 105
7 6 2 149
7 7 2 114
7 8 2 97
7 9 0 137
7 10 2 141
7 11 2 140
7 12 0 128
7 13 2 135
7 14 0 155
7 16 2 156
7 15 1 163
7 18 2 176
7 17 2 166
7 20 2 176
7 19 2 174
7 21 0 185
8 0 0 50
8 1 0 60
8 2 2 50
8 3 1 58
8 4 0 64
8 5 0 65
8 6 0 70
8 7 0 69
8 8 1 68
8 9 2 65
8 10 0 73
8 11 1 68
8 12 0 77
8 13 0 77
8 14 0 81
8 16 0 80
8 15 1 76
8 18 0 82
8 17 1 74
8 20 0 84
8 19 0 82
8 21 0 85
9 0 0 54
9 1 0 62
9 2 1 85
9 3 0 54
9 4 1 97
9 5 0 116
9 6 0 81
9 7 0 91
9 8 0 88
9 9 0 94
9 10 0 106
9 11 1 92
9 12 2 118
9 13 1 102
9 14 1 118
9 16 0 105
9 15 2 122
9 18 0 133
9 17 2 126
9 20 0 131
9 19 0 124
9 21 0 136
