0 0 0 0
0 1 0 0
0 2 0 0
0 3 0 0
0 4 0 12
0 5 0 2
0 6 0 8
0 7 0 9
0 8 0 9
0 9 0 7
0 10 1 1
0 11 0 13
0 12 0 17
0 13 0 7
0 14 0 13
0 16 0 24
0 15 0 19
0 18 0 21
0 17 2 23
0 20 0 19
0 19 0 27
0 22 0 30
0 21 0 31
0 24 2 21
0 23 0 37
0 26 0 29
0 25 1 32
0 28 0 47
0 27 0 40
0 30 2 42
0 29 0 44
0 31 0 49
1 0 0 2
1 1 0 4
1 2 0 4
1 3 0 2
1 4 0 14
1 5 0 16
1 6 0 23
1 7 1 11
1 8 1 40
1 9 0 19
1 10 2 13
1 11 2 5
1 12 2 12
1 13 0 21
1 14 0 48
1 16 0 28
1 15 2 27
1 18 0 21
1 17 1 50
1 20 1 31
1 19 0 24
1 22 2 46
1 21 0 43
1 24 0 49
1 23 0 25
1 26 0 52
1 25 1 54
1 28 0 46
1 27 0 55
1 30 0 59
1 29 0 57
1 31 0 64
2 0 0 7
2 1 0 7
2 2 0 7
2 3 0 9
2 4 1 8
2 5 1 17
2 6 0 18
2 7 0 8
2 8 0 16
2 9 2 11
2 10 0 14
2 11 2 11
2 12 0 13
2 13 2 20
2 14 0 21
2 16 2 16
2 15 0 22
2 18 1 19
2 17 0 21
2 20 1 20
2 19 1 25
2 22 0 13
2 21 1 24
2 24 2 27
2 23 0 23
2 26 0 30
2 25 1 25
2 28 1 30
2 27 0 33
2 30 1 31
2 29 0 34
2 31 0 41
3 0 0 23
3 1 0 23
3 2 1 30
3 3 0 23
3 4 1 24
3 5 1 26
3 6 1 24
3 7 0 35
3 8 0 26
3 9 1 37
3 10 0 40
3 11 0 49
3 12 2 34
3 13 1 35
3 14 0 39
3 16 0 40
3 15 2 26
3 18 2 42
3 17 0 47
3 20 0 53
3 19 0 43
3 22 0 45
3 21 1 35
3 24 0 51
3 23 0 50
3 26 0 52
3 25 2 44
3 28 1 54
3 27 1 53
3 30 0 57
3 29 1 59
3 31 0 62
4 0 0 24
4 1 0 34
4 2 0 24
4 3 1 27
4 4 0 26
4 5 1 29
4 6 0 30
4 7 2 29
4 8 0 39
4 9 0 38
4 10 0 41
4 11 0 44
4 12 2 36
4 13 0 41
4 14 0 36
4 16 0 40
4 15 0 45
4 18 0 51
4 17 0 46
4 20 0 54
4 19 1 47
4 22 0 36
4 21 0 53
4 24 0 54
4 23 0 47
4 26 1 41
4 25 1 60
4 28 0 61
4 27 1 59
4 30 0 66
4 29 2 56
4 31 0 68
5 0 0 39
5 1 0 39
5 2 0 71
5 3 0 53
5 4 1 63
5 5 0 66
5 6 0 73
5 7 0 69
5 8 1 76
5 9 0 76
5 10 0 44
5 11 0 78
5 12 1 77
5 13 0 83
5 14 0 88
5 16 0 72
5 15 0 68
5 18 0 82
5 17 1 65
5 20 0 71
5 19 0 96
5 22 0 79
5 21 0 85
5 24 0 87
5 23 0 82
5 26 2 88
5 25 2 96
5 28 0 103
5 27 0 102
5 30 1 100
5 29 2 88
5 31 0 108
6 0 0 28
6 1 0 28
6 2 0 28
6 3 0 28
6 4 2 42
6 5 0 29
6 6 2 30
6 7 1 30
6 8 0 40
6 9 0 32
6 10 1 52
6 11 1 42
6 12 0 36
6 13 2 40
6 14 2 42
6 16 0 50
6 15 1 42
6 18 0 41
6 17 2 31
6 20 0 46
6 19 2 55
6 22 0 52
6 21 0 50
6 24 1 53
6 23 0 51
6 26 2 47
6 25 2 62
6 28 1 61
6 27 2 52
6 30 0 70
6 29 1 62
6 31 0 71
7 0 0 32
7 1 0 32
7 2 2 32
7 3 0 33
7 4 1 33
7 5 0 33
7 6 1 34
7 7 0 36
7 8 1 35
7 9 1 37
7 10 1 43
7 11 0 41
7 12 2 46
7 13 1 37
7 14 0 42
7 16 0 40
7 15 0 55
7 18 2 41
7 17 1 55
7 20 0 49
7 19 0 48
7 22 0 51
7 21 1 44
7 24 2 49
7 23 2 42
7 26 0 55
7 25 0 58
7 28 0 60
7 27 0 59
7 30 1 59
7 29 0 53
7 31 0 61
8 0 0 35
8 1 0 38
8 2 1 35
8 3 1 35
8 4 2 61
8 5 2 44
8 6 2 49
8 7 2 39
8 8 1 55
8 9 2 57
8 10 2 39
8 11 1 65
8 12 2 59
8 13 2 72
8 14 1 59
8 16 0 60
8 15 2 69
8 18 1 65
8 17 1 68
8 20 0 77
8 19 2 48
8 22 2 68
8 21 2 78
8 24 2 77
8 23 2 80
8 26 2 79
8 25 2 82
8 28 0 78
8 27 2 72
8 30 0 87
8 29 0 89
8 31 0 90
9 0 0 64
9 1 0 65
9 2 2 64
9 3 2 106
9 4 1 67
9 5 2 73
9 6 1 88
9 7 1 100
9 8 0 99
9 9 2 114
9 10 2 106
9 11 1 97
9 12 2 108
9 13 2 102
9 14 1 120
9 16 1 113
9 15 1 109
9 18 2 99
9 17 2 78
9 20 0 118
9 19 2 119
9 22 1 86
9 21 0 120
9 24 1 124
9 23 2 116
9 26 1 124
9 25 0 121
9 28 1 125
9 27 1 112
9 30 0 129
9 29 2 123
9 31 0 131
