0 0 0 0
0 1 0 1
0 2 0 0
0 3 0 1
0 4 0 6
0 5 0 6
0 6 0 4
0 7 0 8
0 8 0 16
0 9 0 11
0 10 0 24
0 11 0 19
0 12 0 34
0 13 1 8
0 14 0 23
0 16 0 21
0 15 0 14
0 18 0 16
0 17 2 23
0 20 0 10
0 19 0 33
0 22 0 34
0 21 0 32
0 24 2 29
0 23 0 36
0 26 0 40
0 25 1 36
0 28 0 39
0 27 0 46
0 30 2 45
0 29 0 50
0 31 0 55
1 0 0 2
1 1 0 2
1 2 0 2
1 3 0 2
1 4 0 6
1 5 0 5
1 6 0 13
1 7 1 17
1 8 0 20
1 9 0 14
1 10 2 11
1 11 2 7
1 12 2 14
1 13 0 16
1 14 0 20
1 16 0 26
1 15 2 36
1 18 0 21
1 17 0 40
1 20 2 21
1 19 0 14
1 22 0 43
1 21 0 33
1 24 0 45
1 23 0 36
1 26 0 49
1 25 0 50
1 28 0 40
1 27 0 52
1 30 0 54
1 29 0 48
1 31 0 59
2 0 0 7
2 1 0 7
2 2 0 7
2 3 0 7
2 4 1 9
2 5 0 15
2 6 0 13
2 7 1 8
2 8 0 12
2 9 0 18
2 10 2 9
2 11 2 13
2 12 0 12
2 13 2 20
2 14 0 15
2 16 2 18
2 15 0 25
2 18 1 28
2 17 0 19
2 20 1 23
2 19 0 28
2 22 1 18
2 21 0 22
2 24 2 28
2 23 0 26
2 26 0 32
2 25 0 29
2 28 0 37
2 27 0 32
2 30 1 33
2 29 2 33
2 31 0 43
3 0 0 23
3 1 0 26
3 2 1 24
3 3 0 23
3 4 1 28
3 5 1 29
3 6 1 24
3 7 1 29
3 8 0 35
3 9 2 37
3 10 1 38
3 11 0 42
3 12 2 37
3 13 1 34
3 14 0 41
3 16 0 42
3 15 0 55
3 18 2 44
3 17 0 49
3 20 0 54
3 19 0 44
3 22 1 48
3 21 1 35
3 24 0 54
3 23 1 48
3 26 0 55
3 25 2 46
3 28 0 55
3 27 0 56
3 30 0 59
3 29 0 61
3 31 0 63
4 0 0 24
4 1 0 24
4 2 0 24
4 3 1 25
4 4 0 26
4 5 1 29
4 6 0 32
4 7 2 29
4 8 0 38
4 9 0 38
4 10 0 40
4 11 0 43
4 12 2 37
4 13 1 47
4 14 1 37
4 16 0 39
4 15 1 51
4 18 0 49
4 17 0 51
4 20 1 54
4 19 1 46
4 22 0 41
4 21 0 52
4 24 0 52
4 23 0 44
4 26 0 49
4 25 0 59
4 28 0 62
4 27 1 57
4 30 0 65
4 29 2 58
4 31 0 69
5 0 0 29
5 1 0 29
5 2 0 59
5 3 0 70
5 4 1 72
5 5 0 64
5 6 0 63
5 7 0 66
5 8 0 68
5 9 0 76
5 10 0 53
5 11 0 87
5 12 2 71
5 13 2 80
5 14 0 89
5 16 0 67
5 15 0 66
5 18 0 99
5 17 1 74
5 20 0 73
5 19 0 97
5 22 1 82
5 21 1 74
5 24 0 89
5 23 0 86
5 26 1 90
5 25 2 90
5 28 0 104
5 27 0 98
5 30 0 101
5 29 0 99
5 31 0 109
6 0 0 28
6 1 0 28
6 2 1 29
6 3 0 30
6 4 2 32
6 5 0 29
6 6 2 34
6 7 0 31
6 8 0 36
6 9 2 35
6 10 2 54
6 11 1 43
6 12 0 36
6 13 2 40
6 14 1 40
6 16 0 52
6 15 0 40
6 18 1 46
6 17 2 32
6 20 0 44
6 19 2 56
6 22 0 57
6 21 1 46
6 24 1 55
6 23 0 53
6 26 2 52
6 25 0 64
6 28 1 61
6 27 2 53
6 30 0 68
6 29 1 66
6 31 0 70
7 0 0 32
7 1 0 33
7 2 1 34
7 3 0 32
7 4 1 34
7 5 1 35
7 6 2 33
7 7 0 39
7 8 1 44
7 9 1 40
7 10 1 48
7 11 0 47
7 12 2 52
7 13 2 39
7 14 0 43
7 16 0 43
7 15 0 60
7 18 2 44
7 17 2 57
7 20 2 54
7 19 0 52
7 22 0 55
7 21 1 52
7 24 2 56
7 23 0 43
7 26 0 59
7 25 0 62
7 28 0 64
7 27 0 63
7 30 1 63
7 29 0 58
7 31 0 65
8 0 0 35
8 1 0 35
8 2 2 36
8 3 1 35
8 4 2 60
8 5 2 44
8 6 2 43
8 7 2 54
8 8 1 58
8 9 2 51
8 10 2 39
8 11 1 64
8 12 2 63
8 13 2 71
8 14 1 64
8 16 0 68
8 15 2 72
8 18 1 63
8 17 1 74
8 20 0 81
8 19 2 48
8 22 2 73
8 21 2 82
8 24 2 79
8 23 1 84
8 26 2 82
8 25 2 84
8 28 0 83
8 27 2 77
8 30 0 89
8 29 0 91
8 31 0 92
9 0 0 55
9 1 0 55
9 2 1 61
9 3 2 104
9 4 1 63
9 5 2 80
9 6 1 89
9 7 2 109
9 8 2 98
9 9 2 117
9 10 0 112
9 11 1 108
9 12 0 110
9 13 2 110
9 14 1 116
9 16 1 119
9 15 0 116
9 18 2 100
9 17 2 74
9 20 0 119
9 19 2 123
9 22 1 107
9 21 1 114
9 24 1 126
9 23 1 120
9 26 2 124
9 25 1 121
9 28 1 128
9 27 1 117
9 30 0 132
9 29 2 124
9 31 0 134
