0 0 0 0
0 1 0 1
0 2 0 0
0 3 0 2
0 4 0 6
0 5 0 8
0 6 0 11
0 7 0 14
0 8 0 13
0 9 0 22
0 10 0 4
0 11 0 17
0 12 0 25
0 13 1 3
0 14 0 43
0 16 0 22
0 15 0 16
0 18 0 43
0 17 2 34
0 20 0 18
0 19 0 25
0 22 0 29
0 21 0 49
0 24 1 31
0 23 0 46
0 26 2 47
0 25 1 50
0 28 0 49
0 27 0 57
0 30 2 50
0 29 0 61
0 31 0 66
1 0 0 2
1 1 0 2
1 2 0 4
1 3 0 2
1 4 0 6
1 5 0 10
1 6 0 32
1 7 1 7
1 8 1 16
1 9 0 12
1 10 2 7
1 11 2 10
1 12 2 14
1 13 0 17
1 14 0 21
1 16 0 19
1 15 2 23
1 18 0 15
1 17 1 36
1 20 0 22
1 19 0 36
1 22 0 30
1 21 0 23
1 24 0 26
1 23 0 24
1 26 0 29
1 25 0 39
1 28 0 38
1 27 0 34
1 30 0 41
1 29 0 34
1 31 0 46
2 0 0 7
2 1 0 7
2 2 0 7
2 3 0 7
2 4 0 9
2 5 2 12
2 6 0 15
2 7 0 8
2 8 0 19
2 9 2 12
2 10 0 10
2 11 2 11
2 12 0 11
2 13 2 21
2 14 0 23
2 16 1 16
2 15 0 25
2 18 1 31
2 17 0 18
2 20 1 13
2 19 0 26
2 22 2 13
2 21 0 26
2 24 0 26
2 23 1 20
2 26 0 30
2 25 1 25
2 28 0 32
2 27 0 33
2 30 1 31
2 29 0 34
2 31 0 41
3 0 0 26
3 1 0 27
3 2 1 26
3 3 0 27
3 4 1 38
3 5 1 33
3 6 1 28
3 7 0 33
3 8 0 40
3 9 1 44
3 10 1 40
3 11 0 50
3 12 2 38
3 13 1 39
3 14 0 47
3 16 0 46
3 15 2 30
3 18 2 50
3 17 0 48
3 20 0 61
3 19 0 50
3 22 2 54
3 21 1 43
3 24 0 53
3 23 0 54
3 26 0 60
3 25 2 51
3 28 0 62
3 27 0 61
3 30 0 66
3 29 0 66
3 31 0 68
4 0 0 24
4 1 0 24
4 2 0 24
4 3 0 25
4 4 0 26
4 5 1 29
4 6 1 29
4 7 2 29
4 8 0 39
4 9 0 38
4 10 0 46
4 11 0 44
4 12 1 36
4 13 1 40
4 14 0 36
4 16 0 42
4 15 1 53
4 18 0 47
4 17 0 50
4 20 0 52
4 19 1 48
4 22 0 47
4 21 0 54
4 24 0 55
4 23 0 47
4 26 2 41
4 25 0 61
4 28 0 60
4 27 1 58
4 30 0 65
4 29 2 56
4 31 0 67
5 0 0 29
5 1 0 29
5 2 0 35
5 3 0 69
5 4 1 73
5 5 0 70
5 6 0 67
5 7 0 75
5 8 0 49
5 9 0 92
5 10 0 66
5 11 0 93
5 12 2 69
5 13 0 77
5 14 0 93
5 16 0 87
5 15 0 72
5 18 0 104
5 17 2 81
5 20 0 77
5 19 0 101
5 22 0 82
5 21 2 78
5 24 0 91
5 23 0 91
5 26 2 94
5 25 2 94
5 28 0 108
5 27 0 103
5 30 1 105
5 29 0 104
5 31 0 113
6 0 0 29
6 1 0 29
6 2 0 31
6 3 0 30
6 4 2 33
6 5 0 30
6 6 2 32
6 7 1 33
6 8 0 40
6 9 2 34
6 10 0 65
6 11 1 42
6 12 0 39
6 13 2 42
6 14 2 43
6 16 0 52
6 15 1 44
6 18 1 42
6 17 2 31
6 20 1 49
6 19 2 57
6 22 0 59
6 21 0 54
6 24 1 55
6 23 0 53
6 26 2 42
6 25 2 64
6 28 1 63
6 27 2 55
6 30 0 72
6 29 1 69
6 31 0 73
7 0 0 32
7 1 0 33
7 2 2 34
7 3 0 32
7 4 1 35
7 5 1 34
7 6 2 33
7 7 0 39
7 8 0 35
7 9 1 39
7 10 0 52
7 11 0 50
7 12 0 56
7 13 1 39
7 14 0 44
7 16 0 42
7 15 0 48
7 18 2 42
7 17 0 61
7 20 0 57
7 19 0 49
7 22 0 54
7 21 1 47
7 24 2 56
7 23 1 51
7 26 2 58
7 25 0 64
7 28 0 66
7 27 2 62
7 30 1 65
7 29 1 58
7 31 0 67
8 0 0 35
8 1 0 39
8 2 2 35
8 3 0 35
8 4 1 46
8 5 2 50
8 6 2 44
8 7 2 41
8 8 1 60
8 9 2 53
8 10 2 39
8 11 1 63
8 12 2 63
8 13 2 73
8 14 1 53
8 16 0 51
8 15 2 66
8 18 1 72
8 17 2 61
8 20 1 81
8 19 2 60
8 22 2 71
8 21 2 85
8 24 2 83
8 23 2 81
8 26 2 85
8 25 2 90
8 28 1 87
8 27 2 81
8 30 0 93
8 29 0 95
8 31 0 96
9 0 0 40
9 1 2 40
9 2 1 49
9 3 2 71
9 4 1 57
9 5 2 63
9 6 2 74
9 7 1 106
9 8 2 83
9 9 2 80
9 10 0 93
9 11 1 94
9 12 0 100
9 13 2 94
9 14 2 107
9 16 0 115
9 15 1 107
9 18 2 113
9 17 2 70
9 20 0 111
9 19 2 116
9 22 1 97
9 21 0 105
9 24 1 120
9 23 2 112
9 26 1 120
9 25 1 117
9 28 1 121
9 27 1 108
9 30 0 125
9 29 2 120
9 31 0 127
