0 0 0 2
0 1 0 5
0 2 0 2
0 3 0 2
0 4 0 4
0 5 0 7
0 6 0 13
0 7 0 5
0 8 0 19
0 9 0 21
0 10 0 14
0 11 0 16
0 12 0 86
0 13 1 10
0 14 0 33
0 16 0 50
0 15 0 36
0 18 0 23
0 17 2 38
0 20 0 13
0 19 0 55
0 22 0 68
0 21 0 70
0 24 0 59
0 23 0 88
0 26 2 74
0 25 1 74
0 28 0 95
0 27 0 87
0 30 2 71
0 29 0 91
0 31 0 96
1 0 0 4
1 1 0 7
1 2 0 6
1 3 0 4
1 4 0 11
1 5 0 12
1 6 0 23
1 7 1 27
1 8 0 27
1 9 0 17
1 10 2 14
1 11 2 17
1 12 0 14
1 13 0 20
1 14 0 49
1 16 0 26
1 15 2 38
1 18 2 23
1 17 1 69
1 20 0 46
1 19 0 44
1 22 2 62
1 21 0 46
1 24 0 48
1 23 0 25
1 26 0 53
1 25 0 75
1 28 0 60
1 27 1 72
1 30 0 79
1 29 0 78
1 31 0 84
2 0 0 8
2 1 0 11
2 2 0 8
2 3 2 13
2 4 0 16
2 5 0 22
2 6 0 26
2 7 2 12
2 8 0 26
2 9 0 13
2 10 1 14
2 11 2 20
2 12 0 21
2 13 1 28
2 14 0 28
2 16 0 25
2 15 0 31
2 18 0 29
2 17 0 30
2 20 0 23
2 19 0 37
2 22 2 31
2 21 0 38
2 24 0 39
2 23 0 32
2 26 0 41
2 25 0 30
2 28 1 37
2 27 0 41
2 30 1 42
2 29 2 45
2 31 0 52
3 0 0 25
3 1 0 25
3 2 1 34
3 3 0 30
3 4 0 40
3 5 1 38
3 6 1 33
3 7 1 48
3 8 0 42
3 9 0 43
3 10 0 62
3 11 0 57
3 12 0 45
3 13 1 45
3 14 0 55
3 16 0 54
3 15 0 40
3 18 2 59
3 17 2 49
3 20 1 70
3 19 2 58
3 22 0 68
3 21 1 45
3 24 0 76
3 23 0 67
3 26 0 77
3 25 2 68
3 28 0 78
3 27 1 78
3 30 0 77
3 29 0 84
3 31 0 86
4 0 0 25
4 1 0 30
4 2 0 27
4 3 0 25
4 4 0 29
4 5 2 33
4 6 0 49
4 7 0 34
4 8 0 43
4 9 0 38
4 10 0 48
4 11 0 48
4 12 2 36
4 13 0 44
4 14 0 40
4 16 0 40
4 15 1 49
4 18 0 51
4 17 0 48
4 20 2 54
4 19 0 51
4 22 2 53
4 21 1 54
4 24 0 57
4 23 0 50
4 26 0 44
4 25 1 62
4 28 0 64
4 27 1 61
4 30 0 68
4 29 2 59
4 31 0 71
5 0 0 31
5 1 0 31
5 2 0 44
5 3 0 32
5 4 1 40
5 5 0 36
5 6 0 96
5 7 0 67
5 8 0 98
5 9 0 69
5 10 0 52
5 11 0 97
5 12 2 64
5 13 0 104
5 14 0 70
5 16 0 56
5 15 0 101
5 18 0 100
5 17 0 92
5 20 0 84
5 19 0 91
5 22 0 99
5 21 0 103
5 24 0 102
5 23 0 102
5 26 1 106
5 25 2 110
5 28 0 117
5 27 0 116
5 30 0 111
5 29 0 119
5 31 0 122
6 0 0 29
6 1 0 29
6 2 0 35
6 3 0 42
6 4 2 55
6 5 1 31
6 6 2 37
6 7 1 39
6 8 0 50
6 9 0 51
6 10 1 58
6 11 1 55
6 12 0 46
6 13 2 53
6 14 0 64
6 16 0 65
6 15 0 56
6 18 2 58
6 17 2 48
6 20 0 63
6 19 2 70
6 22 0 66
6 21 0 60
6 24 1 73
6 23 1 66
6 26 2 63
6 25 0 82
6 28 1 78
6 27 2 68
6 30 0 86
6 29 0 84
6 31 0 87
7 0 0 34
7 1 0 35
7 2 0 37
7 3 0 34
7 4 2 37
7 5 1 39
7 6 2 35
7 7 0 51
7 8 0 59
7 9 0 42
7 10 1 56
7 11 0 62
7 12 0 56
7 13 0 45
7 14 0 55
7 16 0 54
7 15 0 70
7 18 0 56
7 17 0 68
7 20 2 68
7 19 2 63
7 22 0 69
7 21 0 51
7 24 0 72
7 23 0 64
7 26 2 74
7 25 0 80
7 28 0 82
7 27 0 81
7 30 1 81
7 29 2 72
7 31 0 83
8 0 0 37
8 1 0 56
8 2 1 37
8 3 1 42
8 4 1 71
8 5 2 43
8 6 2 64
8 7 2 46
8 8 2 65
8 9 2 72
8 10 2 57
8 11 1 79
8 12 2 84
8 13 2 87
8 14 1 56
8 16 0 60
8 15 2 78
8 18 1 60
8 17 2 75
8 20 2 88
8 19 2 64
8 22 0 94
8 21 2 95
8 24 2 96
8 23 1 100
8 26 2 104
8 25 2 102
8 28 0 111
8 27 2 106
8 30 0 112
8 29 1 107
8 31 0 115
9 0 0 38
9 1 0 38
9 2 1 113
9 3 2 116
9 4 1 41
9 5 2 49
9 6 1 56
9 7 1 124
9 8 2 82
9 9 2 133
9 10 2 107
9 11 1 103
9 12 0 123
9 13 2 118
9 14 0 137
9 16 2 133
9 15 1 126
9 18 2 125
9 17 0 123
9 20 0 130
9 19 2 142
9 22 2 124
9 21 0 132
9 24 1 140
9 23 2 126
9 26 2 137
9 25 1 134
9 28 1 147
9 27 1 135
9 30 1 145
9 29 2 141
9 31 0 153
