0 0 0 0
0 1 0 0
0 2 0 0
0 3 0 1
0 4 0 19
0 5 0 2
0 6 0 6
0 7 0 4
0 8 0 7
0 9 0 5
0 10 0 15
0 11 0 12
0 12 0 34
0 13 1 7
0 14 0 16
0 16 0 20
0 15 0 13
0 18 0 27
0 17 2 20
0 20 2 17
0 19 0 28
0 22 0 30
0 21 0 34
0 24 0 26
0 23 0 38
0 26 2 45
0 25 1 45
0 28 0 45
0 27 0 56
0 30 2 27
0 29 0 60
0 31 0 65
1 0 0 16
1 1 0 16
1 2 0 71
1 3 0 76
1 4 0 80
1 5 0 86
1 6 0 90
1 7 1 87
1 8 0 107
1 9 0 84
1 10 2 82
1 11 2 87
1 12 0 89
1 13 0 104
1 14 0 98
1 16 0 99
1 15 2 104
1 18 2 93
1 17 1 106
1 20 0 107
1 19 0 132
1 22 2 119
1 21 0 110
1 24 0 119
1 23 0 105
1 26 0 125
1 25 0 126
1 28 0 134
1 27 1 128
1 30 0 131
1 29 0 124
1 31 0 136
2 0 0 7
2 1 0 8
2 2 0 7
2 3 1 8
2 4 0 8
2 5 0 14
2 6 0 15
2 7 2 9
2 8 0 14
2 9 1 9
2 10 1 19
2 11 0 14
2 12 2 11
2 13 1 19
2 14 0 18
2 16 0 20
2 15 0 23
2 18 0 25
2 17 0 21
2 20 0 25
2 19 0 24
2 22 2 18
2 21 0 22
2 24 0 24
2 23 0 23
2 26 0 28
2 25 0 26
2 28 2 29
2 27 0 29
2 30 1 29
2 29 2 31
2 31 0 39
3 0 0 23
3 1 0 23
3 2 1 23
3 3 0 23
3 4 0 27
3 5 1 27
3 6 1 24
3 7 1 29
3 8 0 28
3 9 0 36
3 10 0 37
3 11 0 34
3 12 0 37
3 13 1 34
3 14 0 37
3 16 0 37
3 15 0 31
3 18 2 40
3 17 2 38
3 20 1 51
3 19 2 39
3 22 0 40
3 21 1 35
3 24 2 46
3 23 0 47
3 26 0 50
3 25 0 47
3 28 1 49
3 27 1 51
3 30 0 57
3 29 0 57
3 31 0 59
4 0 0 24
4 1 0 36
4 2 0 24
4 3 0 42
4 4 2 26
4 5 2 33
4 6 0 51
4 7 0 35
4 8 2 43
4 9 0 39
4 10 0 53
4 11 0 51
4 12 0 41
4 13 0 56
4 14 0 46
4 16 0 46
4 15 1 61
4 18 2 54
4 17 0 55
4 20 2 64
4 19 0 59
4 22 2 54
4 21 1 63
4 24 0 64
4 23 0 55
4 26 0 70
4 25 1 70
4 28 0 74
4 27 1 70
4 30 0 79
4 29 2 72
4 31 0 81
5 0 0 39
5 1 0 39
5 2 0 85
5 3 0 66
5 4 1 86
5 5 0 42
5 6 0 95
5 7 0 78
5 8 0 102
5 9 0 88
5 10 0 90
5 11 0 109
5 12 1 97
5 13 0 103
5 14 0 111
5 16 0 92
5 15 0 109
5 18 0 115
5 17 0 104
5 20 0 88
5 19 0 119
5 22 1 99
5 21 2 93
5 24 0 110
5 23 0 110
5 26 2 116
5 25 2 112
5 28 0 126
5 27 0 125
5 30 1 123
5 29 0 112
5 31 0 131
6 0 0 28
6 1 0 28
6 2 0 31
6 3 0 33
6 4 0 37
6 5 1 31
6 6 2 35
6 7 1 38
6 8 0 45
6 9 0 40
6 10 0 68
6 11 1 45
6 12 0 44
6 13 2 47
6 14 0 47
6 16 0 57
6 15 0 48
6 18 2 48
6 17 2 41
6 20 0 55
6 19 2 64
6 22 0 63
6 21 0 53
6 24 0 62
6 23 1 58
6 26 2 37
6 25 0 70
6 28 2 65
6 27 2 55
6 30 0 74
6 29 0 68
6 31 0 75
7 0 0 32
7 1 0 33
7 2 0 32
7 3 0 32
7 4 2 34
7 5 1 34
7 6 1 34
7 7 0 36
7 8 0 41
7 9 0 36
7 10 1 48
7 11 0 52
7 12 0 39
7 13 0 48
7 14 0 45
7 16 1 39
7 15 0 52
7 18 0 44
7 17 0 57
7 20 2 46
7 19 2 46
7 22 0 52
7 21 0 52
7 24 0 60
7 23 0 47
7 26 2 56
7 25 0 59
7 28 0 63
7 27 0 62
7 30 1 63
7 29 2 53
7 31 0 65
8 0 0 35
8 1 0 35
8 2 2 35
8 3 1 35
8 4 1 47
8 5 2 50
8 6 2 46
8 7 2 41
8 8 2 60
8 9 2 55
8 10 2 41
8 11 1 62
8 12 2 66
8 13 2 70
8 14 1 54
8 16 0 50
8 15 2 64
8 18 1 64
8 17 1 65
8 20 2 72
8 19 2 61
8 22 0 74
8 21 2 75
8 24 2 80
8 23 2 72
8 26 2 78
8 25 2 82
8 28 0 84
8 27 2 73
8 30 0 85
8 29 0 87
8 31 0 88
9 0 0 68
9 1 0 82
9 2 2 68
9 3 2 140
9 4 1 96
9 5 2 100
9 6 2 111
9 7 2 132
9 8 0 122
9 9 2 150
9 10 0 131
9 11 1 130
9 12 0 137
9 13 2 131
9 14 1 146
9 16 2 146
9 15 0 136
9 18 2 130
9 17 2 100
9 20 2 139
9 19 1 153
9 22 1 140
9 21 0 149
9 24 1 155
9 23 2 141
9 26 2 152
9 25 0 150
9 28 1 154
9 27 1 151
9 30 0 160
9 29 2 156
9 31 0 162
