0 0 0 0
0 1 0 0
0 2 2 0
0 3 0 0
0 4 0 5
0 5 1 2
0 6 0 6
0 7 0 5
0 8 0 10
0 9 0 10
0 10 1 7
0 11 0 15
1 0 0 10
1 1 1 10
1 2 1 69
1 3 0 66
1 4 0 53
1 5 1 74
1 6 0 79
1 7 1 82
1 8 1 70
1 9 0 97
1 10 0 79
1 11 0 99
2 0 0 12
2 1 2 52
2 2 1 12
2 3 1 17
2 4 0 20
2 5 1 53
2 6 0 59
2 7 2 30
2 8 2 62
2 9 0 52
2 10 0 59
2 11 0 70
3 0 0 25
3 1 2 95
3 2 0 25
3 3 0 57
3 4 2 82
3 5 0 99
3 6 0 103
3 7 0 107
3 8 0 111
3 9 0 112
3 10 2 101
3 11 0 115
4 0 0 16
4 1 0 16
4 2 1 30
4 3 0 17
4 4 0 23
4 5 0 40
4 6 1 21
4 7 1 27
4 8 0 48
4 9 0 43
4 10 0 26
4 11 0 52
5 0 0 26
5 1 1 35
5 2 1 26
5 3 2 28
5 4 1 40
5 5 0 41
5 6 0 44
5 7 2 47
5 8 0 45
5 9 2 54
5 10 0 62
5 11 0 66
6 0 0 24
6 1 1 24
6 2 0 27
6 3 0 24
6 4 0 31
6 5 0 28
6 6 2 27
6 7 2 28
6 8 2 36
6 9 1 35
6 10 1 34
6 11 0 42
7 0 0 95
7 1 0 101
7 2 2 115
7 3 0 95
7 4 2 123
7 5 2 115
7 6 2 107
7 7 2 118
7 8 1 129
7 9 1 128
7 10 1 130
7 11 0 136
8 0 0 38
8 1 0 61
8 2 0 38
8 3 2 66
8 4 0 69
8 5 2 59
8 6 0 80
8 7 1 88
8 8 0 100
8 9 2 89
8 10 2 95
8 11 0 102
9 0 0 31
9 1 1 31
9 2 0 34
9 3 2 35
9 4 2 36
9 5 2 38
9 6 0 46
9 7 0 45
9 8 0 48
9 9 0 48
9 10 0 48
9 11 0 52
