0 0 0 0
0 1 0 23
0 2 0 0
0 3 0 3
0 4 0 13
0 5 0 4
0 6 0 32
0 7 1 33
0 8 0 40
0 9 0 38
0 10 2 27
0 11 0 43
1 0 0 74
1 1 1 82
1 2 2 74
1 3 2 151
1 4 1 226
1 5 2 299
1 6 0 138
1 7 0 94
1 8 2 235
1 9 0 216
1 10 1 263
1 11 2 295
1 12 2 322
1 13 1 303
1 14 2 310
1 16 2 315
1 15 2 312
1 18 2 332
1 17 2 322
1 20 1 327
1 19 0 334
1 21 0 339
2 0 0 87
2 1 0 140
2 2 0 124
2 3 0 87
2 4 1 95
2 5 0 246
2 6 1 165
2 7 2 252
2 8 2 258
2 9 0 259
2 10 0 330
2 11 0 145
2 12 0 331
2 13 2 324
2 14 2 231
2 16 0 343
2 15 1 176
2 18 0 350
2 17 1 343
2 20 0 277
2 19 0 353
2 21 0 355
3 0 0 3
3 1 2 9
3 2 2 3
3 3 2 9
3 4 1 19
3 5 2 16
3 6 0 25
3 7 0 30
3 8 2 33
3 9 2 38
3 10 2 33
3 11 0 43
4 0 0 98
4 1 1 99
4 2 2 105
4 3 0 98
4 4 2 357
4 5 2 353
4 6 2 164
4 7 0 365
4 8 2 243
4 9 1 361
4 10 0 293
4 11 2 283
4 12 2 359
4 13 2 368
4 14 2 379
4 16 1 390
4 15 0 387
4 18 1 393
4 17 1 386
4 20 1 394
4 19 0 400
4 21 0 402
5 0 0 51
5 1 2 55
5 2 1 120
5 3 1 51
5 4 1 134
5 5 0 126
5 6 0 149
5 7 1 167
5 8 0 86
5 9 0 182
5 10 0 224
5 11 0 145
5 12 0 146
5 13 1 137
5 14 1 198
5 16 0 218
5 15 0 172
5 18 2 182
5 17 0 167
5 20 0 222
5 19 2 214
5 22 0 147
5 21 1 227
5 24 2 122
5 23 1 209
5 26 0 231
5 25 1 221
5 28 0 234
5 27 0 219
5 30 0 231
5 29 0 234
5 31 0 238
6 0 0 0
6 1 0 0
6 2 0 64
6 3 0 14
6 4 0 18
6 5 0 56
6 6 0 53
6 7 0 59
6 8 0 64
6 9 0 70
6 10 1 65
6 11 0 74
7 0 0 88
7 1 2 134
7 2 1 88
7 3 0 137
7 4 1 169
7 5 0 228
7 6 2 159
7 7 1 114
7 8 1 174
7 9 2 103
7 10 2 151
7 11 1 268
7 12 0 238
7 13 0 157
7 14 2 238
7 16 0 249
7 15 2 249
7 18 1 231
7 17 0 194
7 20 0 250
7 19 2 269
7 22 1 260
7 21 2 261
7 24 0 262
7 23 0 290
7 26 0 265
7 25 1 267
7 28 0 295
7 27 1 284
7 30 0 271
7 29 0 295
7 31 0 296
8 0 0 8
8 1 2 92
8 2 0 8
8 3 1 45
8 4 1 107
8 5 2 51
8 6 2 78
8 7 0 65
8 8 0 159
8 9 0 109
8 10 0 162
8 11 2 131
8 12 0 118
8 13 1 95
8 14 2 194
8 16 0 150
8 15 0 190
8 18 0 208
8 17 0 190
8 20 2 115
8 19 0 146
8 22 1 209
8 21 2 198
8 24 0 128
8 23 2 211
8 26 2 206
8 25 0 215
8 28 2 219
8 27 2 219
8 30 2 205
8 29 1 229
8 31 0 231
9 0 0 1
9 1 2 70
9 2 0 1
9 3 2 90
9 4 0 140
9 5 2 96
9 6 0 11
9 7 2 163
9 8 0 93
9 9 1 129
9 10 0 175
9 11 0 163
9 12 0 149
9 13 0 174
9 14 1 180
9 16 0 196
9 15 1 194
9 18 0 202
9 17 0 153
9 20 1 202
9 19 2 192
9 21 0 208
10 0 0 9
10 1 0 261
10 2 0 9
10 3 0 28
10 4 0 34
10 5 0 135
10 6 0 141
10 7 0 217
10 8 2 243
10 9 2 196
10 10 1 57
10 11 1 312
10 12 0 236
10 13 0 308
10 14 0 310
10 16 0 328
10 15 2 241
10 18 0 338
10 17 0 257
10 20 0 334
10 19 0 312
10 21 0 343
11 0 0 19
11 1 1 19
11 2 2 147
11 3 2 246
11 4 1 173
11 5 2 252
11 6 2 280
11 7 2 233
11 8 2 272
11 9 2 169
11 10 0 266
11 11 2 315
11 12 2 184
11 13 1 165
11 14 0 272
11 16 2 322
11 15 2 265
11 18 2 178
11 17 2 311
11 20 2 308
11 19 1 336
11 22 0 341
11 21 1 324
11 24 1 337
11 23 1 333
11 26 1 334
11 25 2 346
11 28 0 354
11 27 2 345
11 30 0 351
11 29 2 346
11 31 0 361
12 0 0 142
12 1 1 142
12 2 1 395
12 3 0 227
12 4 0 258
12 5 0 356
12 6 0 438
12 7 2 441
12 8 0 369
12 9 0 434
12 10 0 446
12 11 2 442
12 12 1 450
12 13 1 463
12 14 0 440
12 16 0 431
12 15 2 472
12 18 0 435
12 17 1 479
12 20 0 461
12 19 1 467
12 22 0 471
12 21 1 452
12 24 1 475
12 23 0 481
12 26 0 482
12 25 2 472
12 28 0 456
12 27 0 485
12 30 2 482
12 29 0 487
12 31 0 493
13 0 0 3
13 1 1 15
13 2 2 3
13 3 0 4
13 4 0 14
13 5 1 23
13 6 0 26
13 7 1 33
13 8 1 38
13 9 1 24
13 10 0 39
13 11 0 44
14 0 0 14
14 1 1 30
14 2 1 14
14 3 0 24
14 4 0 32
14 5 0 32
14 6 0 51
14 7 1 46
14 8 2 64
14 9 1 49
14 10 2 64
14 11 0 74
14 12 0 79
14 13 0 78
14 14 1 84
14 16 0 81
14 15 1 81
14 18 0 90
14 17 0 81
14 20 0 85
14 19 0 87
14 21 0 93
15 0 0 0
15 1 1 1
15 2 1 43
15 3 2 0
15 4 0 25
15 5 0 15
15 6 2 15
15 7 1 28
15 8 0 47
15 9 1 50
15 10 2 43
15 11 0 53
16 0 0 52
16 1 2 52
16 2 2 372
16 3 0 322
16 4 0 138
16 5 1 355
16 6 1 367
16 7 2 374
16 8 1 382
16 9 2 212
16 10 2 404
16 11 2 249
16 12 0 399
16 13 1 264
16 14 2 381
16 16 2 400
16 15 2 375
16 18 2 404
16 17 2 403
16 20 0 372
16 19 1 413
16 22 2 359
16 21 1 405
16 24 0 418
16 23 2 423
16 26 2 414
16 25 0 393
16 28 0 430
16 27 2 411
16 30 2 426
16 29 1 430
16 31 0 434
17 0 0 10
17 1 0 75
17 2 0 10
17 3 0 44
17 4 0 26
17 5 2 105
17 6 0 95
17 7 0 122
17 8 0 172
17 9 0 83
17 10 0 249
17 11 2 156
17 12 0 127
17 13 0 253
17 14 0 150
17 16 0 186
17 15 0 152
17 18 1 296
17 17 0 277
17 20 0 262
17 19 0 185
17 21 0 303
18 0 0 129
18 1 0 144
18 2 0 129
18 3 0 132
18 4 0 180
18 5 2 220
18 6 0 156
18 7 1 153
18 8 1 231
18 9 1 268
18 10 0 279
18 11 0 274
18 12 0 166
18 13 0 291
18 14 2 296
18 16 1 278
18 15 0 241
18 18 0 288
18 17 2 284
18 20 0 306
18 19 0 306
18 21 0 308
19 0 0 4
19 1 2 47
19 2 0 80
19 3 1 4
19 4 0 27
19 5 2 83
19 6 0 107
19 7 0 74
19 8 0 65
19 9 0 104
19 10 0 50
19 11 2 95
19 12 0 92
19 13 0 99
19 14 0 86
19 16 0 85
19 15 2 100
19 18 0 93
19 17 0 116
19 20 0 113
19 19 0 114
19 22 0 91
19 21 0 117
19 24 0 117
19 23 0 101
19 26 0 120
19 25 0 118
19 28 0 123
19 27 1 120
19 30 0 124
19 29 1 123
19 31 0 126
