0 0 0 0
0 1 0 0
0 2 0 0
0 3 0 0
0 4 0 1
0 5 0 2
0 6 0 5
0 7 1 7
0 8 0 6
0 9 0 8
0 10 0 9
0 11 0 10
1 0 0 135
1 1 2 135
1 2 2 197
1 3 2 329
1 4 1 210
1 5 2 393
1 6 0 186
1 7 0 317
1 8 2 317
1 9 0 320
1 10 2 320
1 11 1 350
1 12 2 402
1 13 2 373
1 14 2 375
1 16 2 402
1 15 2 383
1 18 2 412
1 17 2 393
1 20 1 412
1 19 0 410
1 21 0 419
2 0 0 142
2 1 0 223
2 2 2 296
2 3 1 142
2 4 1 216
2 5 0 302
2 6 1 306
2 7 1 314
2 8 1 338
2 9 0 361
2 10 1 362
2 11 2 325
2 12 0 363
2 13 2 369
2 14 0 330
2 16 0 370
2 15 0 358
2 18 0 384
2 17 2 370
2 20 0 382
2 19 0 382
2 21 0 387
3 0 0 1
3 1 2 4
3 2 0 8
3 3 2 1
3 4 1 22
3 5 1 11
3 6 0 19
3 7 2 11
3 8 2 20
3 9 2 25
3 10 1 28
3 11 0 30
4 0 0 95
4 1 1 95
4 2 2 123
4 3 0 134
4 4 2 304
4 5 2 160
4 6 0 151
4 7 0 209
4 8 2 314
4 9 1 190
4 10 0 354
4 11 2 293
4 12 2 342
4 13 2 205
4 14 2 226
4 16 1 363
4 15 1 387
4 18 2 394
4 17 1 384
4 20 1 393
4 19 1 378
4 21 0 401
5 0 0 3
5 1 2 3
5 2 2 85
5 3 0 69
5 4 1 106
5 5 0 65
5 6 0 160
5 7 2 126
5 8 1 154
5 9 0 166
5 10 0 233
5 11 0 130
5 12 0 170
5 13 1 107
5 14 2 146
5 16 1 244
5 15 0 179
5 18 2 203
5 17 1 139
5 20 1 260
5 19 2 179
5 22 1 125
5 21 1 253
5 24 1 169
5 23 1 191
5 26 1 251
5 25 1 206
5 28 0 265
5 27 0 219
5 30 0 225
5 29 0 233
5 31 0 269
6 0 0 30
6 1 1 94
6 2 0 60
6 3 0 30
6 4 0 54
6 5 0 100
6 6 1 65
6 7 0 95
6 8 0 101
6 9 0 104
6 10 0 102
6 11 0 108
7 0 0 66
7 1 2 118
7 2 1 66
7 3 0 162
7 4 1 229
7 5 0 189
7 6 2 217
7 7 1 119
7 8 1 170
7 9 2 111
7 10 2 121
7 11 1 181
7 12 0 225
7 13 2 161
7 14 2 211
7 16 0 232
7 15 2 231
7 18 1 224
7 17 0 177
7 20 0 179
7 19 1 240
7 22 0 240
7 21 0 231
7 24 1 242
7 23 0 258
7 26 0 244
7 25 1 265
7 28 0 282
7 27 1 278
7 30 2 250
7 29 0 264
7 31 0 283
8 0 0 19
8 1 2 19
8 2 0 31
8 3 2 31
8 4 0 42
8 5 2 62
8 6 2 176
8 7 1 73
8 8 0 157
8 9 0 44
8 10 2 163
8 11 2 81
8 12 0 117
8 13 2 185
8 14 1 234
8 16 0 204
8 15 2 137
8 18 1 173
8 17 2 253
8 20 0 195
8 19 0 137
8 22 0 263
8 21 0 243
8 24 0 207
8 23 0 274
8 26 0 251
8 25 0 270
8 28 1 279
8 27 2 272
8 30 2 277
8 29 1 282
8 31 0 287
9 0 0 17
9 1 2 115
9 2 0 20
9 3 2 17
9 4 0 79
9 5 0 58
9 6 0 37
9 7 2 109
9 8 0 61
9 9 2 69
9 10 1 147
9 11 0 154
9 12 0 113
9 13 0 182
9 14 0 184
9 16 0 214
9 15 1 221
9 18 0 252
9 17 0 139
9 20 1 232
9 19 2 185
9 21 0 258
10 0 0 32
10 1 0 144
10 2 0 34
10 3 0 32
10 4 0 40
10 5 0 40
10 6 0 131
10 7 0 179
10 8 2 111
10 9 1 87
10 10 2 46
10 11 1 151
10 12 0 116
10 13 0 135
10 14 0 183
10 16 0 159
10 15 1 146
10 18 0 199
10 17 0 169
10 20 1 196
10 19 0 191
10 21 0 204
11 0 0 46
11 1 1 48
11 2 2 46
11 3 2 189
11 4 2 105
11 5 1 287
11 6 1 179
11 7 2 149
11 8 2 286
11 9 2 141
11 10 2 245
11 11 2 287
11 12 2 284
11 13 2 230
11 14 0 296
11 16 2 296
11 15 2 295
11 18 2 95
11 17 0 288
11 20 2 307
11 19 0 303
11 22 2 307
11 21 2 306
11 24 1 318
11 23 2 313
11 26 0 310
11 25 2 327
11 28 0 335
11 27 2 325
11 30 0 335
11 29 0 339
11 31 0 342
12 0 0 108
12 1 1 305
12 2 0 405
12 3 0 108
12 4 0 185
12 5 0 208
12 6 2 430
12 7 2 446
12 8 0 330
12 9 0 426
12 10 0 412
12 11 0 468
12 12 0 410
12 13 2 438
12 14 1 437
12 16 0 402
12 15 1 463
12 18 1 466
12 17 2 472
12 20 0 463
12 19 0 486
12 22 0 476
12 21 0 474
12 24 0 480
12 23 0 481
12 26 0 485
12 25 0 468
12 28 2 474
12 27 0 488
12 30 0 487
12 29 0 490
12 31 0 496
13 0 0 3
13 1 0 3
13 2 0 11
13 3 1 53
13 4 0 25
13 5 2 36
13 6 0 61
13 7 0 64
13 8 2 77
13 9 1 63
13 10 1 87
13 11 0 94
14 0 0 46
14 1 1 82
14 2 1 46
14 3 0 49
14 4 0 93
14 5 0 71
14 6 0 128
14 7 2 119
14 8 2 137
14 9 0 129
14 10 2 135
14 11 0 154
14 12 0 165
14 13 0 160
14 14 0 170
14 16 0 161
14 15 0 163
14 18 0 172
14 17 0 163
14 20 1 171
14 19 0 173
14 21 0 179
15 0 0 10
15 1 1 30
15 2 2 26
15 3 2 10
15 4 0 35
15 5 2 22
15 6 1 27
15 7 0 35
15 8 1 48
15 9 0 39
15 10 0 44
15 11 0 56
16 0 0 18
16 1 2 18
16 2 1 319
16 3 0 175
16 4 2 85
16 5 1 187
16 6 1 214
16 7 1 345
16 8 1 331
16 9 2 220
16 10 2 419
16 11 2 283
16 12 2 277
16 13 1 292
16 14 2 396
16 16 2 422
16 15 0 415
16 18 2 429
16 17 1 433
16 20 0 366
16 19 2 438
16 22 2 406
16 21 1 415
16 24 1 447
16 23 2 452
16 26 0 448
16 25 0 344
16 28 0 461
16 27 2 420
16 30 2 453
16 29 1 459
16 31 0 463
17 0 0 62
17 1 0 62
17 2 0 72
17 3 0 114
17 4 0 81
17 5 2 119
17 6 0 168
17 7 0 181
17 8 0 212
17 9 0 109
17 10 0 228
17 11 0 195
17 12 0 177
17 13 0 247
17 14 0 219
17 16 0 266
17 15 0 220
17 18 1 270
17 17 0 264
17 20 1 272
17 19 0 258
17 21 0 277
18 0 0 156
18 1 0 156
18 2 0 186
18 3 0 170
18 4 0 242
18 5 2 334
18 6 0 228
18 7 1 327
18 8 2 318
18 9 1 234
18 10 0 347
18 11 0 324
18 12 0 337
18 13 0 353
18 14 2 358
18 16 1 348
18 15 0 341
18 18 0 356
18 17 1 359
18 20 0 368
18 19 0 368
18 21 0 370
19 0 0 0
19 1 0 0
19 2 2 10
19 3 2 6
19 4 0 32
19 5 2 34
19 6 0 63
19 7 0 33
19 8 0 10
19 9 0 60
19 10 0 48
19 11 0 56
19 12 0 68
19 13 0 44
19 14 0 51
19 16 0 37
19 15 2 51
19 18 0 69
19 17 0 102
19 20 0 95
19 19 0 66
19 22 2 55
19 21 0 99
19 24 0 101
19 23 0 67
19 26 0 73
19 25 0 104
19 28 0 108
19 27 1 85
19 30 0 104
19 29 0 103
19 31 0 109
