0 0 0 9
0 1 0 47
0 2 0 9
0 3 2 9
0 4 0 26
0 5 1 37
0 6 0 50
0 7 0 75
0 8 0 83
0 9 0 78
0 10 0 43
0 11 0 86
1 0 0 2
1 1 0 2
1 2 2 131
1 3 1 269
1 4 1 156
1 5 1 277
1 6 0 203
1 7 2 164
1 8 2 186
1 9 0 264
1 10 2 213
1 11 2 296
1 12 2 425
1 13 1 348
1 14 2 316
1 16 2 313
1 15 1 378
1 18 2 435
1 17 2 398
1 20 1 408
1 19 2 432
1 21 0 442
2 0 0 12
2 1 0 12
2 2 0 105
2 3 0 237
2 4 0 539
2 5 2 558
2 6 2 246
2 7 0 274
2 8 0 579
2 9 0 595
2 10 1 610
2 11 0 484
2 12 2 625
2 13 2 608
2 14 0 589
2 16 2 647
2 15 1 594
2 18 1 657
2 17 2 614
2 20 2 599
2 19 0 669
2 21 0 671
3 0 0 7
3 1 2 15
3 2 0 7
3 3 2 18
3 4 1 33
3 5 1 23
3 6 0 38
3 7 2 32
3 8 2 48
3 9 2 41
3 10 1 40
3 11 0 58
4 0 0 22
4 1 1 31
4 2 2 22
4 3 0 222
4 4 2 309
4 5 2 295
4 6 1 369
4 7 2 373
4 8 2 604
4 9 1 430
4 10 0 610
4 11 2 389
4 12 2 456
4 13 2 543
4 14 1 566
4 16 1 639
4 15 2 632
4 18 1 652
4 17 2 621
4 20 0 642
4 19 1 665
4 21 0 669
5 0 0 54
5 1 2 65
5 2 2 194
5 3 0 54
5 4 1 101
5 5 0 228
5 6 0 384
5 7 2 355
5 8 0 123
5 9 0 365
5 10 1 386
5 11 0 176
5 12 2 322
5 13 0 339
5 14 2 211
5 16 0 503
5 15 2 542
5 18 0 559
5 17 1 431
5 20 1 571
5 19 2 454
5 22 2 509
5 21 1 535
5 24 1 388
5 23 1 425
5 26 1 551
5 25 0 517
5 28 1 575
5 27 0 566
5 30 0 576
5 29 0 578
5 31 0 582
6 0 0 22
6 1 1 22
6 2 0 24
6 3 1 44
6 4 0 57
6 5 0 110
6 6 1 96
6 7 0 86
6 8 0 143
6 9 0 101
6 10 0 124
6 11 0 144
7 0 0 81
7 1 1 81
7 2 0 92
7 3 1 230
7 4 0 351
7 5 2 240
7 6 0 260
7 7 1 449
7 8 2 279
7 9 2 137
7 10 2 345
7 11 1 482
7 12 2 287
7 13 0 261
7 14 0 353
7 16 2 388
7 15 2 444
7 18 1 391
7 17 0 374
7 20 2 395
7 19 1 484
7 22 2 455
7 21 2 453
7 24 0 495
7 23 0 498
7 26 0 494
7 25 0 472
7 28 0 525
7 27 2 516
7 30 2 508
7 29 1 515
7 31 0 526
8 0 0 8
8 1 0 8
8 2 0 11
8 3 0 43
8 4 0 13
8 5 2 145
8 6 2 226
8 7 1 312
8 8 0 194
8 9 1 111
8 10 0 233
8 11 1 44
8 12 1 304
8 13 1 427
8 14 0 70
8 16 2 412
8 15 2 403
8 18 0 444
8 17 1 253
8 20 0 303
8 19 2 327
8 22 1 308
8 21 2 329
8 24 2 451
8 23 2 461
8 26 2 474
8 25 0 463
8 28 1 467
8 27 2 487
8 30 2 344
8 29 0 504
8 31 0 505
9 0 0 24
9 1 1 158
9 2 0 30
9 3 2 24
9 4 0 32
9 5 0 29
9 6 1 119
9 7 1 63
9 8 2 111
9 9 2 139
9 10 2 277
9 11 0 109
9 12 0 152
9 13 2 162
9 14 1 224
9 16 0 297
9 15 0 255
9 18 1 322
9 17 1 268
9 20 2 301
9 19 2 288
9 21 0 331
10 0 0 97
10 1 0 144
10 2 0 100
10 3 0 97
10 4 2 147
10 5 0 108
10 6 0 205
10 7 0 376
10 8 2 174
10 9 2 184
10 10 0 168
10 11 1 446
10 12 0 268
10 13 0 249
10 14 1 417
10 16 0 453
10 15 0 438
10 18 0 499
10 17 0 497
10 20 1 465
10 19 2 429
10 21 0 504
11 0 0 101
11 1 1 194
11 2 2 101
11 3 0 198
11 4 1 230
11 5 2 443
11 6 2 359
11 7 2 282
11 8 0 217
11 9 0 130
11 10 2 322
11 11 1 363
11 12 2 378
11 13 2 277
11 14 0 433
11 16 1 379
11 15 1 489
11 18 2 217
11 17 2 317
11 20 1 573
11 19 2 497
11 22 1 519
11 21 2 515
11 24 1 533
11 23 2 521
11 26 1 442
11 25 2 544
11 28 1 575
11 27 2 548
11 30 2 586
11 29 2 590
11 31 0 599
12 0 0 92
12 1 1 526
12 2 0 569
12 3 1 92
12 4 0 178
12 5 1 333
12 6 1 642
12 7 0 652
12 8 1 403
12 9 1 334
12 10 0 685
12 11 0 617
12 12 2 760
12 13 0 750
12 14 2 796
12 16 0 424
12 15 2 779
12 18 0 687
12 17 0 794
12 20 1 822
12 19 0 825
12 22 2 831
12 21 1 775
12 24 2 845
12 23 1 842
12 26 1 888
12 25 0 839
12 28 1 733
12 27 1 897
12 30 1 891
12 29 0 907
12 31 0 913
13 0 0 11
13 1 1 11
13 2 0 15
13 3 0 12
13 4 2 33
13 5 2 27
13 6 0 53
13 7 1 48
13 8 2 58
13 9 1 77
13 10 0 79
13 11 0 84
14 0 0 50
14 1 1 50
14 2 1 95
14 3 0 184
14 4 0 81
14 5 2 118
14 6 0 207
14 7 1 93
14 8 1 269
14 9 2 193
14 10 1 123
14 11 1 196
14 12 2 216
14 13 0 280
14 14 2 246
14 16 0 267
14 15 0 252
14 18 0 310
14 17 0 277
14 20 1 289
14 19 0 285
14 21 0 312
15 0 0 3
15 1 1 47
15 2 1 3
15 3 0 14
15 4 2 64
15 5 2 15
15 6 1 47
15 7 0 60
15 8 2 71
15 9 1 90
15 10 2 76
15 11 0 93
16 0 0 4
16 1 2 4
16 2 2 154
16 3 1 132
16 4 0 66
16 5 0 202
16 6 1 303
16 7 2 585
16 8 0 644
16 9 2 181
16 10 2 669
16 11 2 328
16 12 2 357
16 13 1 347
16 14 0 341
16 16 2 659
16 15 2 418
16 18 2 670
16 17 0 674
16 20 1 340
16 19 2 679
16 22 2 305
16 21 1 455
16 24 0 697
16 23 2 690
16 26 1 712
16 25 2 566
16 28 2 706
16 27 2 661
16 30 2 719
16 29 1 708
16 31 0 726
17 0 0 0
17 1 0 103
17 2 0 0
17 3 0 102
17 4 0 1
17 5 0 128
17 6 0 141
17 7 0 162
17 8 0 189
17 9 1 213
17 10 2 251
17 11 0 209
17 12 0 247
17 13 0 258
17 14 0 193
17 16 0 240
17 15 1 256
17 18 1 270
17 17 0 265
17 20 1 249
17 19 1 263
17 21 0 277
18 0 0 76
18 1 0 76
18 2 1 95
18 3 0 156
18 4 2 132
18 5 2 209
18 6 0 179
18 7 1 359
18 8 0 227
18 9 1 411
18 10 2 473
18 11 2 507
18 12 1 382
18 13 2 486
18 14 2 522
18 16 0 533
18 15 0 505
18 18 0 537
18 17 1 489
18 20 0 550
18 19 2 548
18 21 0 556
19 0 0 25
19 1 2 55
19 2 2 51
19 3 0 25
19 4 2 150
19 5 1 84
19 6 0 159
19 7 0 172
19 8 0 123
19 9 0 93
19 10 2 154
19 11 0 201
19 12 2 119
19 13 0 180
19 14 0 179
19 16 0 110
19 15 2 174
19 18 1 137
19 17 1 206
19 20 2 149
19 19 0 223
19 22 2 203
19 21 0 231
19 24 0 224
19 23 0 222
19 26 0 234
19 25 2 229
19 28 0 251
19 27 0 232
19 30 0 238
19 29 0 234
19 31 0 252
