0 0 0 0
0 1 1 0
0 2 0 2
0 3 0 0
0 4 0 6
0 5 1 2
0 6 2 4
0 7 0 4
0 8 1 7
0 9 0 13
0 10 1 7
0 11 0 15
1 0 0 9
1 1 1 9
1 2 1 51
1 3 0 26
1 4 0 91
1 5 0 58
1 6 1 61
1 7 0 95
1 8 2 76
1 9 1 101
1 10 0 100
1 11 0 105
2 0 0 11
2 1 2 15
2 2 1 11
2 3 1 20
2 4 0 17
2 5 1 33
2 6 0 23
2 7 2 28
2 8 2 38
2 9 0 26
2 10 0 41
2 11 0 46
3 0 0 15
3 1 2 68
3 2 0 99
3 3 0 15
3 4 2 77
3 5 0 86
3 6 0 87
3 7 0 101
3 8 0 105
3 9 0 106
3 10 2 101
3 11 0 110
4 0 0 27
4 1 0 27
4 2 0 33
4 3 2 68
4 4 0 49
4 5 0 51
4 6 1 49
4 7 0 56
4 8 0 64
4 9 0 63
4 10 0 76
4 11 0 77
5 0 0 19
5 1 1 23
5 2 1 19
5 3 2 22
5 4 1 36
5 5 0 31
5 6 0 29
5 7 2 34
5 8 0 32
5 9 2 39
5 10 0 43
5 11 0 47
6 0 0 24
6 1 1 25
6 2 0 27
6 3 0 24
6 4 0 32
6 5 0 30
6 6 2 27
6 7 2 28
6 8 2 36
6 9 1 35
6 10 1 28
6 11 0 42
7 0 0 83
7 1 0 83
7 2 2 106
7 3 0 109
7 4 2 114
7 5 2 110
7 6 2 111
7 7 0 120
7 8 2 121
7 9 1 122
7 10 2 122
7 11 0 131
8 0 0 30
8 1 0 40
8 2 0 30
8 3 2 83
8 4 0 54
8 5 2 40
8 6 0 61
8 7 1 68
8 8 0 75
8 9 2 91
8 10 2 92
8 11 0 99
9 0 0 30
9 1 1 31
9 2 0 30
9 3 2 31
9 4 2 35
9 5 2 38
9 6 0 47
9 7 0 45
9 8 0 49
9 9 1 50
9 10 1 47
9 11 0 53
