0 0 0 0
0 1 1 2
0 2 0 0
0 3 0 18
0 4 2 5
0 5 0 8
0 6 0 26
0 7 0 17
0 8 1 36
0 9 2 39
0 10 0 15
0 11 2 39
0 12 2 51
0 13 2 48
0 14 2 36
0 16 1 51
0 15 0 49
0 18 2 57
0 17 2 48
0 20 1 61
0 19 2 52
0 21 0 64
1 0 0 0
1 1 2 0
1 2 1 19
1 3 2 127
1 4 1 139
1 5 1 79
1 6 2 86
1 7 2 132
1 8 1 10
1 9 0 137
1 10 0 136
1 11 2 148
1 12 2 144
1 13 2 148
1 14 2 143
1 16 1 159
1 15 0 158
1 18 0 161
1 17 1 154
1 20 2 154
1 19 2 160
1 21 0 165
2 0 0 0
2 1 0 1
2 2 1 0
2 3 0 0
2 4 0 5
2 5 1 7
2 6 0 14
2 7 0 10
2 8 0 15
2 9 0 11
2 10 1 11
2 11 2 26
2 12 2 21
2 13 2 16
2 14 1 21
2 16 2 19
2 15 1 22
2 18 1 31
2 17 0 30
2 20 0 29
2 19 0 31
2 21 0 33
3 0 0 6
3 1 0 8
3 2 0 6
3 3 1 6
3 4 1 14
3 5 0 18
3 6 0 10
3 7 0 14
3 8 2 19
3 9 0 24
3 10 0 13
3 11 1 23
3 12 0 33
3 13 1 26
3 14 0 21
3 16 0 28
3 15 0 28
3 18 0 34
3 17 0 30
3 20 0 32
3 19 0 33
3 21 0 36
4 0 0 30
4 1 2 42
4 2 1 30
4 3 2 56
4 4 2 57
4 5 2 74
4 6 2 56
4 7 2 67
4 8 1 63
4 9 2 86
4 10 1 79
4 11 1 89
4 12 2 84
4 13 1 78
4 14 1 93
4 16 2 94
4 15 2 103
4 18 2 101
4 17 1 93
4 20 1 103
4 19 0 112
4 21 0 113
5 0 0 48
5 1 0 103
5 2 0 48
5 3 0 67
5 4 2 71
5 5 0 106
5 6 0 84
5 7 0 96
5 8 1 116
5 9 2 95
5 10 0 110
5 11 0 113
5 12 0 111
5 13 0 105
5 14 2 107
5 16 1 113
5 15 1 124
5 18 1 120
5 17 1 117
5 20 0 126
5 19 0 127
5 21 0 128
6 0 0 18
6 1 2 20
6 2 0 18
6 3 1 25
6 4 0 28
6 5 1 24
6 6 0 33
6 7 1 30
6 8 0 30
6 9 0 29
6 10 0 31
6 11 0 37
6 12 0 36
6 13 0 31
6 14 0 35
6 16 1 37
6 15 0 38
6 18 0 44
6 17 0 36
6 20 1 42
6 19 1 43
6 21 0 51
7 0 0 23
7 1 0 35
7 2 0 23
7 3 0 33
7 4 0 35
7 5 0 44
7 6 0 65
7 7 0 63
7 8 1 64
7 9 0 64
7 10 0 68
7 11 0 66
7 12 0 42
7 13 0 67
7 14 0 72
7 16 0 71
7 15 0 68
7 18 0 83
7 17 1 73
7 20 0 76
7 19 2 78
7 21 0 84
8 0 0 57
8 1 2 57
8 2 1 86
8 3 0 87
8 4 2 94
8 5 2 118
8 6 0 101
8 7 2 118
8 8 2 99
8 9 2 128
8 10 1 110
8 11 0 127
8 12 2 125
8 13 1 107
8 14 1 118
8 16 2 128
8 15 2 127
8 18 0 135
8 17 0 130
8 20 2 135
8 19 2 137
8 21 0 145
9 0 0 43
9 1 1 43
9 2 0 47
9 3 2 55
9 4 1 71
9 5 0 66
9 6 2 55
9 7 0 76
9 8 2 56
9 9 2 67
9 10 0 63
9 11 2 71
9 12 2 82
9 13 2 85
9 14 1 81
9 16 1 92
9 15 0 73
9 18 0 88
9 17 0 85
9 20 0 95
9 19 2 91
9 21 0 98
