0 0 0 10
0 1 1 10
0 2 0 30
0 3 0 32
0 4 2 33
0 5 1 19
0 6 0 56
0 7 0 31
0 8 1 50
0 9 2 41
0 10 0 50
0 11 2 55
0 12 2 52
0 13 2 66
0 14 2 58
0 16 1 77
0 15 0 65
0 18 2 81
0 17 2 66
0 20 1 82
0 19 2 68
0 21 0 88
1 0 0 0
1 1 2 1
1 2 2 0
1 3 0 37
1 4 0 97
1 5 0 14
1 6 2 68
1 7 2 88
1 8 1 63
1 9 0 41
1 10 0 134
1 11 2 145
1 12 2 136
1 13 2 135
1 14 2 140
1 16 2 148
1 15 0 156
1 18 1 159
1 17 2 148
1 20 2 150
1 19 2 158
1 21 0 163
2 0 0 0
2 1 0 0
2 2 0 1
2 3 1 1
2 4 0 1
2 5 1 4
2 6 0 20
2 7 0 7
2 8 0 3
2 9 0 8
2 10 1 7
2 11 0 20
2 12 2 13
2 13 2 9
2 14 0 13
2 16 1 14
2 15 1 17
2 18 2 22
2 17 0 22
2 20 0 22
2 19 0 23
2 21 0 25
3 0 0 8
3 1 0 8
3 2 0 8
3 3 0 11
3 4 1 21
3 5 0 23
3 6 0 10
3 7 0 22
3 8 1 10
3 9 0 35
3 10 0 22
3 11 1 31
3 12 1 36
3 13 1 38
3 14 0 27
3 16 0 30
3 15 0 35
3 18 0 43
3 17 1 31
3 20 0 43
3 19 0 42
3 21 0 45
4 0 0 11
4 1 1 24
4 2 1 11
4 3 0 46
4 4 2 105
4 5 2 114
4 6 2 115
4 7 2 115
4 8 2 114
4 9 2 126
4 10 0 52
4 11 0 125
4 12 2 128
4 13 2 118
4 14 0 128
4 16 2 131
4 15 1 134
4 18 2 140
4 17 0 133
4 20 2 138
4 19 2 142
4 21 0 150
5 0 0 12
5 1 0 12
5 2 0 34
5 3 0 19
5 4 2 25
5 5 0 37
5 6 0 40
5 7 0 24
5 8 0 87
5 9 2 45
5 10 0 96
5 11 0 101
5 12 0 63
5 13 0 62
5 14 2 76
5 16 1 84
5 15 1 106
5 18 0 106
5 17 1 92
5 20 0 107
5 19 0 101
5 21 0 108
6 0 0 21
6 1 2 21
6 2 0 36
6 3 1 35
6 4 0 44
6 5 1 48
6 6 0 54
6 7 1 67
6 8 0 41
6 9 0 45
6 10 0 45
6 11 0 73
6 12 1 76
6 13 0 81
6 14 0 47
6 16 1 60
6 15 0 74
6 18 0 82
6 17 0 49
6 20 1 76
6 19 1 79
6 21 0 87
7 0 0 21
7 1 0 21
7 2 0 21
7 3 0 48
7 4 0 58
7 5 0 31
7 6 0 75
7 7 0 47
7 8 1 58
7 9 2 47
7 10 2 59
7 11 0 86
7 12 0 77
7 13 0 89
7 14 0 97
7 16 1 90
7 15 0 93
7 18 0 104
7 17 1 93
7 20 0 102
7 19 0 102
7 21 0 106
8 0 0 26
8 1 2 26
8 2 1 60
8 3 0 103
8 4 2 43
8 5 2 56
8 6 2 97
8 7 0 55
8 8 0 83
8 9 2 117
8 10 1 108
8 11 0 90
8 12 2 114
8 13 2 87
8 14 1 107
8 16 0 113
8 15 2 115
8 18 2 124
8 17 1 115
8 20 2 124
8 19 2 124
8 21 0 134
9 0 0 53
9 1 1 65
9 2 0 53
9 3 2 88
9 4 0 108
9 5 0 100
9 6 2 93
9 7 2 105
9 8 0 77
9 9 2 108
9 10 0 84
9 11 2 106
9 12 2 116
9 13 2 119
9 14 1 115
9 16 0 126
9 15 0 107
9 18 0 128
9 17 0 124
9 20 0 129
9 19 2 127
9 21 0 132
