0 0 0 0
0 1 1 26
0 2 2 0
0 3 2 0
0 4 2 13
0 5 1 34
0 6 0 42
0 7 0 56
0 8 1 62
0 9 2 66
0 10 0 54
0 11 2 65
0 12 2 73
0 13 1 78
0 14 2 59
0 16 1 83
0 15 0 86
0 18 2 88
0 17 2 74
0 20 1 93
0 19 1 88
0 21 0 96
1 0 0 1
1 1 2 1
1 2 0 9
1 3 2 45
1 4 2 138
1 5 2 48
1 6 2 126
1 7 2 135
1 8 1 129
1 9 0 30
1 10 0 134
1 11 2 143
1 12 2 144
1 13 2 146
1 14 2 149
1 16 1 158
1 15 2 154
1 18 2 159
1 17 1 152
1 20 1 157
1 19 0 163
1 21 0 164
2 0 0 0
2 1 0 0
2 2 1 2
2 3 2 0
2 4 1 1
2 5 1 10
2 6 0 11
2 7 0 19
2 8 0 23
2 9 0 10
2 10 1 12
2 11 2 20
2 12 2 20
2 13 2 24
2 14 0 18
2 16 0 22
2 15 0 26
2 18 0 31
2 17 0 31
2 20 0 33
2 19 0 32
2 21 0 34
3 0 0 6
3 1 0 10
3 2 0 6
3 3 0 12
3 4 2 9
3 5 0 14
3 6 0 12
3 7 0 15
3 8 0 12
3 9 0 23
3 10 0 16
3 11 1 19
3 12 1 24
3 13 1 22
3 14 0 20
3 16 0 22
3 15 0 23
3 18 0 28
3 17 0 25
3 20 0 27
3 19 0 28
3 21 0 31
4 0 0 8
4 1 2 8
4 2 1 20
4 3 2 29
4 4 2 57
4 5 2 31
4 6 2 30
4 7 0 71
4 8 2 55
4 9 2 85
4 10 1 45
4 11 0 69
4 12 2 86
4 13 2 73
4 14 0 97
4 16 2 84
4 15 2 103
4 18 1 103
4 17 1 95
4 20 2 103
4 19 0 112
4 21 0 113
5 0 0 15
5 1 0 16
5 2 0 38
5 3 0 15
5 4 0 37
5 5 0 44
5 6 0 32
5 7 0 48
5 8 2 65
5 9 2 34
5 10 0 68
5 11 0 81
5 12 0 72
5 13 0 64
5 14 1 75
5 16 1 74
5 15 1 91
5 18 1 89
5 17 1 87
5 20 0 92
5 19 0 96
5 21 0 97
6 0 0 14
6 1 2 14
6 2 0 29
6 3 1 33
6 4 0 41
6 5 1 33
6 6 0 44
6 7 1 41
6 8 0 25
6 9 0 32
6 10 0 39
6 11 0 47
6 12 0 47
6 13 0 44
6 14 0 44
6 16 1 50
6 15 0 53
6 18 2 55
6 17 0 46
6 20 1 54
6 19 0 58
6 21 0 64
7 0 0 27
7 1 0 27
7 2 0 61
7 3 0 58
7 4 0 95
7 5 1 50
7 6 0 67
7 7 0 70
7 8 2 107
7 9 0 60
7 10 2 66
7 11 0 95
7 12 0 99
7 13 0 110
7 14 0 106
7 16 0 96
7 15 0 110
7 18 0 113
7 17 1 102
7 20 0 113
7 19 0 113
7 21 0 117
8 0 0 45
8 1 2 45
8 2 1 104
8 3 0 65
8 4 2 100
8 5 2 114
8 6 0 117
8 7 2 112
8 8 1 99
8 9 2 129
8 10 0 119
8 11 1 123
8 12 2 122
8 13 1 111
8 14 1 121
8 16 2 127
8 15 2 129
8 18 1 135
8 17 1 127
8 20 2 136
8 19 2 138
8 21 0 146
9 0 0 61
9 1 1 64
9 2 0 61
9 3 2 76
9 4 1 103
9 5 0 88
9 6 2 65
9 7 0 75
9 8 2 69
9 9 0 102
9 10 0 81
9 11 2 99
9 12 2 109
9 13 2 112
9 14 0 115
9 16 0 120
9 15 0 98
9 18 0 96
9 17 0 119
9 20 0 123
9 19 2 114
9 21 0 126
