0 0 0 0
0 1 0 0
0 2 0 0
0 3 0 2
0 4 2 4
0 5 2 3
0 6 0 4
0 7 0 10
0 8 0 19
0 9 0 12
0 10 1 18
0 11 0 4
0 12 0 7
0 13 0 14
0 14 0 13
0 16 0 25
0 15 1 13
0 18 0 21
0 17 0 8
0 20 0 24
0 19 0 20
0 22 0 15
0 21 0 23
0 24 0 28
0 23 1 29
0 26 0 27
0 25 2 19
0 28 0 34
0 27 0 27
0 30 1 32
0 29 0 30
0 31 0 38
1 0 0 7
1 1 2 7
1 2 2 20
1 3 2 56
1 4 1 20
1 5 0 113
1 6 2 37
1 7 2 127
1 8 2 143
1 9 1 106
1 10 0 168
1 11 0 64
1 12 0 71
1 13 1 175
1 14 0 162
1 16 0 177
1 15 2 170
1 18 2 170
1 17 2 175
1 20 0 185
1 19 2 135
1 22 2 179
1 21 0 186
1 24 0 188
1 23 2 184
1 26 2 188
1 25 0 158
1 28 1 188
1 27 0 194
1 30 0 195
1 29 2 193
1 31 0 199
2 0 0 7
2 1 0 41
2 2 1 7
2 3 0 22
2 4 0 89
2 5 2 147
2 6 0 45
2 7 0 73
2 8 1 180
2 9 1 188
2 10 0 202
2 11 0 27
2 12 0 167
2 13 0 170
2 14 1 186
2 16 1 184
2 15 0 202
2 18 0 195
2 17 2 47
2 20 1 210
2 19 1 203
2 22 0 192
2 21 1 199
2 24 1 197
2 23 0 195
2 26 0 209
2 25 1 204
2 28 0 214
2 27 0 207
2 30 2 215
2 29 1 214
2 31 0 219
3 0 0 14
3 1 1 14
3 2 0 16
3 3 0 15
3 4 0 23
3 5 2 20
3 6 0 25
3 7 0 32
3 8 2 27
3 9 0 35
3 10 2 102
3 11 2 20
3 12 0 43
3 13 2 43
3 14 1 30
3 16 0 95
3 15 0 36
3 18 0 45
3 17 0 78
3 20 0 40
3 19 0 61
3 22 0 53
3 21 0 102
3 24 0 98
3 23 2 106
3 26 1 106
3 25 0 109
3 28 0 123
3 27 0 119
3 30 0 116
3 29 2 114
3 31 0 124
4 0 0 29
4 1 0 32
4 2 0 31
4 3 0 29
4 4 0 46
4 5 0 38
4 6 1 34
4 7 0 55
4 8 0 39
4 9 0 42
4 10 0 35
4 11 0 51
4 12 2 68
4 13 0 73
4 14 0 44
4 16 0 51
4 15 1 34
4 18 2 50
4 17 0 48
4 20 0 77
4 19 0 62
4 22 0 82
4 21 0 72
4 24 1 55
4 23 0 57
4 26 0 81
4 25 0 82
4 28 0 86
4 27 0 83
4 30 1 84
4 29 0 85
4 31 0 89
5 0 0 45
5 1 0 48
5 2 0 45
5 3 0 62
5 4 0 66
5 5 0 77
5 6 0 58
5 7 0 93
5 8 2 96
5 9 0 60
5 10 0 92
5 11 2 96
5 12 0 69
5 13 0 108
5 14 0 105
5 16 0 69
5 15 0 70
5 18 0 90
5 17 0 83
5 20 0 106
5 19 0 108
5 22 0 96
5 21 0 88
5 24 0 112
5 23 0 100
5 26 0 124
5 25 0 112
5 28 0 120
5 27 0 125
5 30 0 132
5 29 0 132
5 31 0 133
6 0 0 49
6 1 0 59
6 2 0 49
6 3 1 58
6 4 1 54
6 5 0 91
6 6 0 52
6 7 0 69
6 8 0 57
6 9 1 74
6 10 2 103
6 11 0 60
6 12 0 97
6 13 0 73
6 14 0 74
6 16 0 105
6 15 0 88
6 18 1 112
6 17 0 82
6 20 2 102
6 19 1 78
6 22 0 123
6 21 0 119
6 24 0 115
6 23 0 126
6 26 0 120
6 25 0 125
6 28 0 131
6 27 0 127
6 30 0 131
6 29 2 123
6 31 0 133
7 0 0 57
7 1 0 89
7 2 0 57
7 3 0 76
7 4 2 91
7 5 2 97
7 6 0 74
7 7 1 84
7 8 2 136
7 9 0 147
7 10 0 133
7 11 0 144
7 12 0 135
7 13 2 105
7 14 0 142
7 16 0 129
7 15 2 115
7 18 0 142
7 17 1 153
7 20 1 148
7 19 2 134
7 22 0 145
7 21 0 143
7 24 0 153
7 23 0 154
7 26 0 159
7 25 1 151
7 28 0 165
7 27 1 158
7 30 1 167
7 29 0 160
7 31 0 170
8 0 0 60
8 1 0 60
8 2 1 62
8 3 0 67
8 4 0 81
8 5 1 144
8 6 2 89
8 7 2 84
8 8 1 110
8 9 0 134
8 10 2 153
8 11 2 128
8 12 2 94
8 13 2 133
8 14 2 152
8 16 2 157
8 15 0 139
8 18 2 158
8 17 2 135
8 20 0 169
8 19 2 153
8 22 1 163
8 21 0 158
8 24 1 160
8 23 0 141
8 26 0 174
8 25 2 170
8 28 2 173
8 27 1 165
8 30 0 172
8 29 1 176
8 31 0 183
9 0 0 62
9 1 1 62
9 2 0 63
9 3 2 63
9 4 0 70
9 5 2 73
9 6 1 71
9 7 1 87
9 8 0 70
9 9 0 84
9 10 1 78
9 11 0 89
9 12 0 74
9 13 0 88
9 14 1 90
9 16 2 99
9 15 1 101
9 18 0 100
9 17 2 81
9 20 1 102
9 19 0 90
9 22 1 105
9 21 2 93
9 24 0 104
9 23 2 83
9 26 0 110
9 25 1 102
9 28 1 112
9 27 0 107
9 30 1 110
9 29 0 112
9 31 0 117
