0 0 0 0
0 1 0 0
0 2 0 0
0 3 0 1
0 4 2 6
0 5 0 2
0 6 0 4
0 7 0 11
0 8 0 14
0 9 0 23
0 10 0 14
0 11 0 4
0 12 0 7
0 13 0 8
0 14 0 15
0 16 0 25
0 15 1 13
0 18 0 22
0 17 0 9
0 20 0 24
0 19 0 16
0 22 0 18
0 21 0 27
0 24 0 29
0 23 0 21
0 26 0 31
0 25 0 26
0 28 0 27
0 27 0 29
0 30 0 30
0 29 0 33
0 31 0 35
1 0 0 5
1 1 2 5
1 2 0 6
1 3 2 14
1 4 1 17
1 5 0 55
1 6 2 16
1 7 2 34
1 8 2 74
1 9 2 33
1 10 0 46
1 11 2 22
1 12 2 72
1 13 1 20
1 14 0 90
1 16 0 120
1 15 2 98
1 18 1 111
1 17 2 52
1 20 0 119
1 19 2 46
1 22 0 123
1 21 0 124
1 24 1 126
1 23 2 118
1 26 1 82
1 25 0 37
1 28 1 133
1 27 0 129
1 30 0 132
1 29 2 132
1 31 0 138
2 0 0 6
2 1 0 10
2 2 0 6
2 3 0 67
2 4 0 12
2 5 2 24
2 6 0 34
2 7 0 177
2 8 0 147
2 9 2 178
2 10 2 198
2 11 0 157
2 12 0 59
2 13 0 178
2 14 0 184
2 16 0 148
2 15 0 195
2 18 2 189
2 17 0 176
2 20 2 208
2 19 2 203
2 22 0 193
2 21 1 198
2 24 1 198
2 23 0 150
2 26 0 210
2 25 2 203
2 28 0 213
2 27 1 204
2 30 0 216
2 29 1 213
2 31 0 218
3 0 0 15
3 1 2 29
3 2 1 15
3 3 0 15
3 4 1 51
3 5 2 27
3 6 0 20
3 7 0 41
3 8 2 28
3 9 0 42
3 10 2 92
3 11 2 34
3 12 0 45
3 13 2 53
3 14 1 39
3 16 0 84
3 15 0 57
3 18 1 69
3 17 0 46
3 20 1 78
3 19 0 93
3 22 0 90
3 21 0 80
3 24 0 95
3 23 0 85
3 26 0 87
3 25 0 108
3 28 0 109
3 27 0 105
3 30 0 109
3 29 0 102
3 31 0 112
4 0 0 31
4 1 0 31
4 2 0 35
4 3 0 38
4 4 0 43
4 5 0 68
4 6 1 56
4 7 0 47
4 8 0 42
4 9 0 62
4 10 2 35
4 11 0 49
4 12 2 75
4 13 0 83
4 14 0 45
4 16 0 60
4 15 1 40
4 18 0 49
4 17 0 79
4 20 0 90
4 19 0 69
4 22 0 96
4 21 0 95
4 24 1 71
4 23 2 64
4 26 0 78
4 25 0 97
4 28 0 99
4 27 0 97
4 30 1 98
4 29 0 82
4 31 0 102
5 0 0 44
5 1 0 49
5 2 0 44
5 3 0 58
5 4 2 54
5 5 0 54
5 6 0 50
5 7 0 76
5 8 0 64
5 9 0 96
5 10 0 76
5 11 2 86
5 12 0 75
5 13 1 98
5 14 0 77
5 16 0 60
5 15 0 72
5 18 0 65
5 17 1 79
5 20 0 91
5 19 1 85
5 22 0 86
5 21 0 81
5 24 0 97
5 23 0 103
5 26 1 110
5 25 0 100
5 28 0 114
5 27 0 104
5 30 0 118
5 29 0 118
5 31 0 119
6 0 0 53
6 1 0 53
6 2 0 68
6 3 1 132
6 4 0 139
6 5 0 158
6 6 1 98
6 7 0 141
6 8 0 106
6 9 1 126
6 10 0 154
6 11 0 120
6 12 0 149
6 13 0 147
6 14 1 121
6 16 0 163
6 15 0 127
6 18 1 135
6 17 0 136
6 20 2 150
6 19 0 140
6 22 0 156
6 21 0 164
6 24 0 143
6 23 0 169
6 26 0 166
6 25 0 165
6 28 0 174
6 27 2 170
6 30 1 174
6 29 0 154
6 31 0 176
7 0 0 58
7 1 0 112
7 2 0 58
7 3 0 61
7 4 2 64
7 5 2 109
7 6 1 111
7 7 0 119
7 8 0 138
7 9 0 121
7 10 0 127
7 11 0 143
7 12 1 131
7 13 2 125
7 14 0 138
7 16 1 140
7 15 2 121
7 18 0 146
7 17 0 161
7 20 1 164
7 19 2 127
7 22 0 151
7 21 0 150
7 24 0 156
7 23 1 156
7 26 0 175
7 25 1 153
7 28 0 176
7 27 2 166
7 30 1 179
7 29 0 179
7 31 0 182
8 0 0 70
8 1 2 87
8 2 2 115
8 3 0 70
8 4 1 146
8 5 1 169
8 6 2 123
8 7 2 130
8 8 1 160
8 9 0 182
8 10 2 182
8 11 2 142
8 12 2 138
8 13 0 161
8 14 2 173
8 16 2 183
8 15 2 162
8 18 2 185
8 17 0 155
8 20 1 192
8 19 1 178
8 22 0 186
8 21 2 182
8 24 1 184
8 23 0 183
8 26 0 190
8 25 2 189
8 28 2 192
8 27 1 190
8 30 0 192
8 29 0 196
8 31 0 202
9 0 0 63
9 1 1 71
9 2 0 63
9 3 2 64
9 4 0 69
9 5 2 73
9 6 1 75
9 7 1 72
9 8 0 70
9 9 2 80
9 10 1 81
9 11 0 90
9 12 0 74
9 13 0 89
9 14 1 91
9 16 2 94
9 15 1 100
9 18 0 92
9 17 2 81
9 20 1 100
9 19 0 89
9 22 1 107
9 21 0 96
9 24 0 101
9 23 2 84
9 26 0 109
9 25 1 101
9 28 1 109
9 27 0 104
9 30 1 108
9 29 0 110
9 31 0 115
