0 0 0 0
0 1 0 0
0 2 0 1
0 3 0 0
0 4 2 5
0 5 0 2
0 6 0 4
0 7 1 12
0 8 0 3
0 9 0 4
0 10 1 23
0 11 0 5
0 12 0 10
0 13 0 18
0 14 0 11
0 16 0 21
0 15 1 12
0 18 0 22
0 17 0 8
0 20 0 23
0 19 0 19
0 22 0 15
0 21 0 24
0 24 0 32
0 23 1 26
0 26 0 31
0 25 2 18
0 28 0 32
0 27 0 26
0 30 0 27
0 29 0 34
0 31 0 36
1 0 0 13
1 1 2 13
1 2 2 20
1 3 1 36
1 4 0 24
1 5 0 82
1 6 2 27
1 7 2 64
1 8 2 135
1 9 1 143
1 10 0 156
1 11 2 25
1 12 2 40
1 13 1 148
1 14 0 148
1 16 0 173
1 15 2 162
1 18 1 159
1 17 2 153
1 20 0 169
1 19 2 49
1 22 2 173
1 21 1 176
1 24 0 182
1 23 2 164
1 26 2 173
1 25 0 163
1 28 1 166
1 27 0 184
1 30 0 191
1 29 2 187
1 31 0 193
2 0 0 7
2 1 0 103
2 2 1 7
2 3 1 12
2 4 1 145
2 5 2 166
2 6 1 147
2 7 0 57
2 8 0 188
2 9 2 179
2 10 2 158
2 11 0 93
2 12 1 193
2 13 0 191
2 14 0 192
2 16 0 192
2 15 0 193
2 18 2 195
2 17 1 185
2 20 1 209
2 19 0 204
2 22 0 194
2 21 1 199
2 24 1 199
2 23 1 191
2 26 0 209
2 25 1 200
2 28 0 212
2 27 0 205
2 30 0 215
2 29 0 213
2 31 0 217
3 0 0 14
3 1 2 14
3 2 0 14
3 3 0 14
3 4 1 19
3 5 2 18
3 6 0 19
3 7 0 27
3 8 0 34
3 9 0 40
3 10 2 34
3 11 2 86
3 12 0 49
3 13 2 23
3 14 1 21
3 16 0 87
3 15 0 48
3 18 1 56
3 17 0 100
3 20 0 103
3 19 0 105
3 22 0 37
3 21 0 110
3 24 0 104
3 23 0 113
3 26 0 113
3 25 0 120
3 28 0 121
3 27 0 116
3 30 0 121
3 29 1 116
3 31 0 125
4 0 0 28
4 1 0 28
4 2 0 30
4 3 0 28
4 4 0 41
4 5 0 44
4 6 0 33
4 7 1 35
4 8 0 31
4 9 0 38
4 10 1 35
4 11 0 40
4 12 2 47
4 13 0 73
4 14 0 45
4 16 0 41
4 15 2 33
4 18 1 46
4 17 0 63
4 20 0 78
4 19 0 50
4 22 0 83
4 21 0 70
4 24 1 52
4 23 0 46
4 26 0 61
4 25 0 83
4 28 0 83
4 27 0 68
4 30 0 85
4 29 0 76
4 31 0 88
5 0 0 43
5 1 0 46
5 2 0 43
5 3 0 45
5 4 0 53
5 5 0 53
5 6 0 51
5 7 0 56
5 8 2 75
5 9 0 70
5 10 0 59
5 11 2 63
5 12 0 58
5 13 0 84
5 14 0 60
5 16 0 65
5 15 0 58
5 18 0 62
5 17 0 67
5 20 0 61
5 19 0 65
5 22 0 71
5 21 0 57
5 24 0 81
5 23 0 69
5 26 0 85
5 25 0 84
5 28 0 88
5 27 0 79
5 30 0 82
5 29 0 94
5 31 0 95
6 0 0 58
6 1 0 62
6 2 1 58
6 3 0 64
6 4 1 86
6 5 0 111
6 6 1 72
6 7 2 67
6 8 0 92
6 9 1 72
6 10 0 102
6 11 0 79
6 12 0 77
6 13 0 117
6 14 0 89
6 16 0 120
6 15 0 101
6 18 1 107
6 17 0 96
6 20 2 110
6 19 1 95
6 22 0 122
6 21 0 128
6 24 0 106
6 23 0 127
6 26 0 124
6 25 0 131
6 28 0 133
6 27 0 132
6 30 0 133
6 29 0 125
6 31 0 135
7 0 0 64
7 1 0 108
7 2 0 64
7 3 0 98
7 4 0 106
7 5 0 170
7 6 0 101
7 7 1 129
7 8 2 158
7 9 0 126
7 10 0 136
7 11 0 152
7 12 0 141
7 13 1 177
7 14 0 145
7 16 0 149
7 15 2 121
7 18 0 157
7 17 1 158
7 20 1 170
7 19 1 156
7 22 0 155
7 21 0 184
7 24 0 168
7 23 1 180
7 26 0 185
7 25 1 170
7 28 0 186
7 27 2 175
7 30 1 180
7 29 0 187
7 31 0 191
8 0 0 68
8 1 2 93
8 2 1 68
8 3 0 71
8 4 1 124
8 5 1 132
8 6 2 93
8 7 2 128
8 8 1 134
8 9 0 100
8 10 2 147
8 11 2 99
8 12 2 117
8 13 0 134
8 14 1 136
8 16 2 110
8 15 0 138
8 18 2 150
8 17 0 135
8 20 0 159
8 19 1 146
8 22 1 154
8 21 1 148
8 24 2 140
8 23 0 121
8 26 0 153
8 25 2 158
8 28 2 158
8 27 1 150
8 30 0 158
8 29 0 164
8 31 0 169
9 0 0 62
9 1 1 63
9 2 0 62
9 3 2 62
9 4 1 68
9 5 2 69
9 6 1 70
9 7 1 83
9 8 0 68
9 9 2 76
9 10 1 80
9 11 0 79
9 12 0 74
9 13 0 86
9 14 0 88
9 16 2 92
9 15 2 95
9 18 0 81
9 17 2 82
9 20 1 94
9 19 0 91
9 22 1 97
9 21 1 92
9 24 0 102
9 23 2 84
9 26 0 105
9 25 0 98
9 28 0 106
9 27 0 101
9 30 1 103
9 29 0 106
9 31 0 111
