0 0 0 0
0 1 1 0
0 2 0 5
0 3 1 19
0 4 2 13
0 5 2 31
0 6 0 21
0 7 0 22
0 8 1 43
0 9 1 98
0 10 2 12
0 11 0 102
1 0 0 7
1 1 1 47
1 2 1 23
1 3 1 7
1 4 0 131
1 5 0 108
1 6 1 143
1 7 0 152
1 8 0 167
1 9 0 123
1 10 0 167
1 11 0 171
2 0 0 3
2 1 2 4
2 2 1 10
2 3 1 3
2 4 0 15
2 5 0 19
2 6 1 14
2 7 2 21
2 8 2 22
2 9 0 31
2 10 2 28
2 11 0 36
3 0 0 24
3 1 2 34
3 2 0 41
3 3 2 24
3 4 2 81
3 5 2 114
3 6 0 42
3 7 2 81
3 8 2 103
3 9 0 105
3 10 1 138
3 11 0 148
4 0 0 10
4 1 2 12
4 2 1 10
4 3 0 18
4 4 2 22
4 5 2 34
4 6 1 26
4 7 0 65
4 8 1 70
4 9 0 76
4 10 2 59
4 11 0 78
5 0 0 19
5 1 1 24
5 2 0 70
5 3 2 19
5 4 0 36
5 5 1 31
5 6 1 48
5 7 0 53
5 8 1 66
5 9 2 76
5 10 0 76
5 11 0 81
6 0 0 23
6 1 2 23
6 2 0 76
6 3 2 57
6 4 2 82
6 5 2 90
6 6 2 82
6 7 0 67
6 8 2 114
6 9 1 98
6 10 0 103
6 11 0 123
7 0 0 204
7 1 1 211
7 2 1 204
7 3 2 233
7 4 0 219
7 5 2 220
7 6 2 229
7 7 2 240
7 8 1 244
7 9 2 250
7 10 2 251
7 11 0 260
8 0 0 56
8 1 0 163
8 2 2 56
8 3 0 132
8 4 1 158
8 5 2 175
8 6 0 150
8 7 0 111
8 8 2 173
8 9 2 175
8 10 0 184
8 11 0 186
9 0 0 44
9 1 0 47
9 2 0 44
9 3 0 56
9 4 0 54
9 5 0 91
9 6 0 64
9 7 0 77
9 8 2 121
9 9 0 103
9 10 0 125
9 11 0 128
10 0 0 51
10 1 1 136
10 2 0 51
10 3 0 65
10 4 0 106
10 5 0 183
10 6 0 194
10 7 0 197
10 8 1 201
10 9 2 201
10 10 0 200
10 11 0 210
11 0 0 78
11 1 2 184
11 2 0 210
11 3 0 78
11 4 1 211
11 5 0 225
11 6 0 220
11 7 0 231
11 8 2 235
11 9 0 240
11 10 0 229
11 11 0 244
12 0 0 50
12 1 0 50
12 2 2 50
12 3 0 58
12 4 1 63
12 5 1 96
12 6 2 85
12 7 2 102
12 8 0 72
12 9 2 110
12 10 2 114
12 11 0 121
13 0 0 148
13 1 2 148
13 2 0 184
13 3 0 148
13 4 2 157
13 5 1 169
13 6 0 171
13 7 0 189
13 8 0 193
13 9 0 186
13 10 2 185
13 11 0 194
14 0 0 83
14 1 0 127
14 2 0 99
14 3 0 83
14 4 0 102
14 5 2 97
14 6 0 129
14 7 2 107
14 8 2 126
14 9 0 132
14 10 0 134
14 11 0 138
