0 0 0 0
0 1 1 0
0 2 0 20
0 3 1 18
0 4 1 37
0 5 2 27
0 6 1 44
0 7 0 64
0 8 1 73
0 9 2 56
0 10 2 47
0 11 0 74
1 0 0 0
1 1 0 0
1 2 0 4
1 3 0 9
1 4 2 93
1 5 0 41
1 6 0 73
1 7 0 13
1 8 0 127
1 9 0 124
1 10 0 114
1 11 0 129
2 0 0 4
2 1 0 5
2 2 1 14
2 3 1 4
2 4 0 9
2 5 0 12
2 6 2 15
2 7 2 14
2 8 2 23
2 9 0 27
2 10 2 25
2 11 0 33
3 0 0 72
3 1 2 75
3 2 0 72
3 3 2 99
3 4 2 104
3 5 0 133
3 6 0 126
3 7 2 128
3 8 2 138
3 9 0 148
3 10 1 152
3 11 0 162
4 0 0 15
4 1 2 27
4 2 1 15
4 3 0 29
4 4 2 74
4 5 2 36
4 6 2 47
4 7 0 84
4 8 1 115
4 9 0 121
4 10 2 92
4 11 0 123
5 0 0 17
5 1 1 35
5 2 0 97
5 3 2 17
5 4 2 41
5 5 1 44
5 6 0 73
5 7 0 65
5 8 1 90
5 9 0 103
5 10 0 103
5 11 0 108
6 0 0 20
6 1 2 85
6 2 0 85
6 3 2 20
6 4 1 103
6 5 2 133
6 6 2 107
6 7 0 82
6 8 2 140
6 9 2 140
6 10 0 129
6 11 0 149
7 0 0 54
7 1 2 54
7 2 0 226
7 3 2 236
7 4 0 209
7 5 2 222
7 6 2 232
7 7 2 236
7 8 1 243
7 9 2 247
7 10 2 251
7 11 0 257
8 0 0 23
8 1 2 47
8 2 0 77
8 3 0 23
8 4 1 150
8 5 2 109
8 6 0 95
8 7 1 119
8 8 2 140
8 9 0 162
8 10 0 146
8 11 0 168
9 0 0 25
9 1 1 25
9 2 0 65
9 3 1 35
9 4 0 68
9 5 0 86
9 6 1 74
9 7 0 118
9 8 0 138
9 9 0 123
9 10 0 179
9 11 0 181
10 0 0 54
10 1 1 128
10 2 0 54
10 3 0 70
10 4 0 173
10 5 0 175
10 6 0 176
10 7 0 149
10 8 2 179
10 9 0 182
10 10 2 186
10 11 0 189
11 0 0 181
11 1 2 192
11 2 0 181
11 3 0 210
11 4 2 217
11 5 0 213
11 6 0 227
11 7 0 220
11 8 0 232
11 9 0 222
11 10 0 217
11 11 0 236
12 0 0 58
12 1 0 85
12 2 2 96
12 3 0 58
12 4 1 91
12 5 1 106
12 6 2 131
12 7 2 112
12 8 0 92
12 9 2 160
12 10 2 162
12 11 0 169
13 0 0 93
13 1 2 168
13 2 0 168
13 3 0 93
13 4 1 189
13 5 0 199
13 6 0 195
13 7 0 200
13 8 0 205
13 9 0 206
13 10 2 200
13 11 0 209
14 0 0 75
14 1 0 75
14 2 0 107
14 3 0 90
14 4 0 127
14 5 2 104
14 6 0 131
14 7 2 121
14 8 2 140
14 9 0 136
14 10 0 169
14 11 0 173
