0 0 0 0
0 1 0 2
0 2 0 0
0 3 1 55
0 4 2 10
0 5 2 60
0 6 0 53
0 7 0 70
0 8 1 76
0 9 1 77
0 10 2 114
0 11 0 123
1 0 0 1
1 1 1 1
1 2 1 10
1 3 0 6
1 4 2 45
1 5 0 44
1 6 2 57
1 7 0 71
1 8 0 67
1 9 0 96
1 10 0 84
1 11 0 98
2 0 0 8
2 1 0 22
2 2 1 18
2 3 1 8
2 4 0 26
2 5 0 29
2 6 2 15
2 7 2 31
2 8 2 36
2 9 0 41
2 10 1 31
2 11 0 46
3 0 0 5
3 1 2 60
3 2 0 5
3 3 2 17
3 4 2 90
3 5 0 78
3 6 0 54
3 7 2 114
3 8 2 105
3 9 0 124
3 10 0 107
3 11 0 125
4 0 0 21
4 1 2 80
4 2 1 21
4 3 0 52
4 4 2 56
4 5 2 93
4 6 0 29
4 7 0 68
4 8 1 114
4 9 0 85
4 10 2 106
4 11 0 122
5 0 0 14
5 1 1 19
5 2 0 16
5 3 2 14
5 4 0 26
5 5 1 24
5 6 0 31
5 7 0 31
5 8 1 34
5 9 1 25
5 10 0 36
5 11 0 42
6 0 0 31
6 1 2 36
6 2 0 31
6 3 0 33
6 4 1 91
6 5 2 98
6 6 2 88
6 7 0 81
6 8 2 115
6 9 1 123
6 10 0 125
6 11 0 127
7 0 0 212
7 1 1 212
7 2 1 228
7 3 2 221
7 4 0 220
7 5 2 221
7 6 2 230
7 7 2 234
7 8 1 235
7 9 2 244
7 10 2 246
7 11 0 254
8 0 0 26
8 1 0 47
8 2 0 26
8 3 2 28
8 4 1 147
8 5 2 138
8 6 0 135
8 7 0 132
8 8 2 162
8 9 0 168
8 10 0 159
8 11 0 174
9 0 0 32
9 1 0 37
9 2 0 57
9 3 0 32
9 4 0 157
9 5 0 100
9 6 0 156
9 7 0 159
9 8 0 162
9 9 0 161
9 10 0 160
9 11 0 164
10 0 0 51
10 1 1 168
10 2 0 141
10 3 0 51
10 4 0 175
10 5 0 178
10 6 0 179
10 7 0 153
10 8 2 182
10 9 2 186
10 10 1 192
10 11 0 195
11 0 0 127
11 1 2 187
11 2 0 195
11 3 0 127
11 4 0 200
11 5 0 196
11 6 0 207
11 7 1 195
11 8 1 212
11 9 0 201
11 10 0 205
11 11 0 219
12 0 0 51
12 1 0 51
12 2 2 53
12 3 0 55
12 4 1 53
12 5 1 66
12 6 2 70
12 7 2 72
12 8 0 63
12 9 2 84
12 10 2 84
12 11 0 91
13 0 0 130
13 1 2 174
13 2 0 156
13 3 0 130
13 4 2 143
13 5 0 177
13 6 0 164
13 7 0 171
13 8 0 182
13 9 0 183
13 10 2 183
13 11 0 192
14 0 0 71
14 1 0 137
14 2 0 71
14 3 0 71
14 4 0 137
14 5 2 95
14 6 0 139
14 7 2 74
14 8 2 84
14 9 0 141
14 10 0 149
14 11 0 153
