0 0 0 0
0 1 0 0
0 2 0 0
0 3 0 2
0 4 1 33
0 5 0 4
0 6 0 3
0 7 0 5
0 8 0 11
0 9 1 4
0 10 0 28
0 11 2 22
0 12 0 7
0 13 0 30
0 14 0 20
0 16 0 11
0 15 0 32
0 18 0 58
0 17 1 41
0 20 0 59
0 19 0 61
0 21 0 63
1 0 0 9
1 1 0 9
1 2 1 61
1 3 0 17
1 4 0 21
1 5 0 25
1 6 0 25
1 7 0 27
1 8 0 80
1 9 0 46
1 10 0 63
1 11 0 31
1 12 0 18
1 13 1 80
1 14 0 90
1 16 0 94
1 15 0 91
1 18 1 86
1 17 0 91
1 20 0 95
1 19 0 88
1 21 0 97
2 0 0 6
2 1 0 8
2 2 1 6
2 3 1 9
2 4 1 11
2 5 2 13
2 6 0 24
2 7 0 20
2 8 2 13
2 9 0 20
2 10 0 18
2 11 1 11
2 12 0 19
2 13 0 14
2 14 2 24
2 16 0 27
2 15 2 19
2 18 0 29
2 17 0 23
2 20 0 28
2 19 0 28
2 21 0 30
3 0 0 13
3 1 0 23
3 2 0 13
3 3 0 14
3 4 0 19
3 5 0 17
3 6 0 18
3 7 0 17
3 8 0 22
3 9 1 28
3 10 0 25
3 11 0 20
3 12 2 30
3 13 0 28
3 14 0 37
3 16 0 40
3 15 1 37
3 18 0 55
3 17 2 45
3 20 0 54
3 19 0 51
3 21 0 58
4 0 0 50
4 1 2 87
4 2 1 71
4 3 0 50
4 4 2 76
4 5 0 85
4 6 2 161
4 7 1 105
4 8 0 116
4 9 2 170
4 10 2 94
4 11 2 103
4 12 0 178
4 13 2 134
4 14 0 181
4 16 2 184
4 15 1 154
4 18 2 168
4 17 1 183
4 20 2 188
4 19 2 191
4 21 0 198
5 0 0 19
5 1 0 19
5 2 0 19
5 3 0 19
5 4 1 20
5 5 0 27
5 6 0 30
5 7 1 21
5 8 0 27
5 9 0 28
5 10 0 39
5 11 0 41
5 12 0 30
5 13 2 28
5 14 0 34
5 16 0 39
5 15 2 31
5 18 2 42
5 17 0 22
5 20 1 38
5 19 0 42
5 21 0 49
6 0 0 21
6 1 2 143
6 2 1 21
6 3 2 63
6 4 1 198
6 5 2 147
6 6 0 208
6 7 0 194
6 8 2 173
6 9 0 165
6 10 0 177
6 11 2 176
6 12 2 167
6 13 2 203
6 14 1 211
6 16 2 204
6 15 2 213
6 18 2 211
6 17 2 215
6 20 2 223
6 19 1 223
6 21 0 232
7 0 0 25
7 1 0 46
7 2 2 97
7 3 2 25
7 4 2 151
7 5 2 37
7 6 1 33
7 7 2 41
7 8 2 219
7 9 1 226
7 10 2 188
7 11 2 208
7 12 0 231
7 13 2 223
7 14 0 132
7 16 0 53
7 15 0 232
7 18 0 239
7 17 0 233
7 20 2 233
7 19 0 234
7 21 0 240
8 0 0 32
8 1 1 40
8 2 1 33
8 3 0 32
8 4 2 40
8 5 1 36
8 6 1 42
8 7 0 61
8 8 0 50
8 9 0 58
8 10 0 50
8 11 0 64
8 12 0 57
8 13 0 76
8 14 1 56
8 16 0 65
8 15 0 64
8 18 1 80
8 17 2 65
8 20 0 75
8 19 0 80
8 21 0 89
9 0 0 34
9 1 1 38
9 2 0 34
9 3 0 34
9 4 0 35
9 5 0 48
9 6 0 38
9 7 1 41
9 8 0 42
9 9 0 39
9 10 0 41
9 11 1 52
9 12 2 45
9 13 0 49
9 14 0 49
9 16 0 51
9 15 0 46
9 18 0 55
9 17 0 47
9 20 0 56
9 19 0 57
9 21 0 62
10 0 0 40
10 1 0 113
10 2 0 131
10 3 2 40
10 4 0 151
10 5 0 70
10 6 0 85
10 7 0 162
10 8 0 110
10 9 2 203
10 10 0 198
10 11 0 120
10 12 1 192
10 13 0 240
10 14 1 218
10 16 0 244
10 15 0 246
10 18 1 245
10 17 0 247
10 20 0 238
10 19 0 248
10 21 0 252
11 0 0 97
11 1 0 97
11 2 0 101
11 3 0 110
11 4 1 101
11 5 2 124
11 6 0 122
11 7 2 108
11 8 0 143
11 9 1 128
11 10 0 139
11 11 0 135
11 12 1 127
11 13 2 140
11 14 1 145
11 16 0 148
11 15 0 114
11 18 2 144
11 17 1 118
11 20 0 150
11 19 0 153
11 21 0 154
12 0 0 47
12 1 0 47
12 2 1 63
12 3 1 71
12 4 0 48
12 5 1 48
12 6 2 49
12 7 1 58
12 8 1 75
12 9 1 80
12 10 0 63
12 11 0 85
12 12 0 67
12 13 2 66
12 14 2 81
12 16 0 100
12 15 2 77
12 18 2 93
12 17 1 87
12 20 1 85
12 19 0 103
12 21 0 106
13 0 0 47
13 1 0 47
13 2 2 49
13 3 2 70
13 4 2 111
13 5 0 117
13 6 2 143
13 7 2 127
13 8 2 119
13 9 2 98
13 10 2 133
13 11 0 128
13 12 2 120
13 13 0 142
13 14 2 153
13 16 2 159
13 15 0 157
13 18 2 166
13 17 0 159
13 20 2 163
13 19 0 174
13 21 0 176
14 0 0 51
14 1 1 51
14 2 0 58
14 3 2 51
14 4 0 60
14 5 0 60
14 6 1 63
14 7 2 66
14 8 2 67
14 9 1 68
14 10 0 61
14 11 1 62
14 12 0 71
14 13 0 73
14 14 0 72
14 16 0 76
14 15 0 77
14 18 1 79
14 17 2 73
14 20 0 77
14 19 0 82
14 21 0 84
