0 0 0 0
0 1 0 0
0 2 0 0
0 3 0 2
0 4 1 23
0 5 0 9
0 6 1 10
0 7 0 3
0 8 0 4
0 9 1 5
0 10 0 20
0 11 2 18
0 12 0 10
0 13 0 22
0 14 0 14
0 16 1 10
0 15 0 26
0 18 0 31
0 17 1 14
0 20 0 30
0 19 0 32
0 21 0 34
1 0 0 15
1 1 0 15
1 2 1 110
1 3 0 15
1 4 1 36
1 5 0 108
1 6 0 102
1 7 0 114
1 8 0 115
1 9 0 121
1 10 0 112
1 11 0 35
1 12 0 122
1 13 0 124
1 14 0 123
1 16 0 136
1 15 0 128
1 18 1 134
1 17 0 128
1 20 0 137
1 19 0 126
1 21 0 139
2 0 0 6
2 1 0 11
2 2 1 6
2 3 1 12
2 4 1 11
2 5 2 20
2 6 0 34
2 7 0 23
2 8 2 12
2 9 0 20
2 10 0 20
2 11 1 14
2 12 0 26
2 13 0 23
2 14 2 31
2 16 0 31
2 15 0 26
2 18 0 36
2 17 0 31
2 20 0 36
2 19 0 35
2 21 0 38
3 0 0 13
3 1 0 58
3 2 2 19
3 3 0 13
3 4 2 26
3 5 0 24
3 6 0 25
3 7 0 34
3 8 0 39
3 9 2 59
3 10 0 55
3 11 0 47
3 12 1 62
3 13 2 62
3 14 0 79
3 16 0 86
3 15 1 42
3 18 0 95
3 17 2 70
3 20 0 83
3 19 0 90
3 21 0 97
4 0 0 35
4 1 2 119
4 2 1 35
4 3 0 125
4 4 1 116
4 5 2 114
4 6 2 152
4 7 1 131
4 8 0 167
4 9 2 129
4 10 2 149
4 11 2 160
4 12 2 173
4 13 2 176
4 14 0 196
4 16 2 189
4 15 1 186
4 18 1 206
4 17 1 197
4 20 2 202
4 19 2 202
4 21 0 212
5 0 0 19
5 1 0 19
5 2 0 19
5 3 0 20
5 4 1 20
5 5 1 27
5 6 0 29
5 7 1 21
5 8 0 22
5 9 0 27
5 10 0 38
5 11 0 40
5 12 0 30
5 13 2 22
5 14 0 33
5 16 0 39
5 15 2 31
5 18 0 41
5 17 0 24
5 20 0 34
5 19 0 41
5 21 0 45
6 0 0 21
6 1 2 189
6 2 1 86
6 3 2 21
6 4 1 42
6 5 2 101
6 6 2 228
6 7 2 238
6 8 2 238
6 9 0 139
6 10 0 184
6 11 2 240
6 12 1 212
6 13 2 239
6 14 1 245
6 16 2 248
6 15 1 245
6 18 2 255
6 17 1 249
6 20 2 255
6 19 2 254
6 21 0 264
7 0 0 33
7 1 0 50
7 2 2 137
7 3 2 33
7 4 2 145
7 5 2 57
7 6 1 48
7 7 0 61
7 8 2 160
7 9 1 211
7 10 2 142
7 11 1 158
7 12 0 223
7 13 2 168
7 14 2 161
7 16 2 69
7 15 0 210
7 18 0 232
7 17 0 226
7 20 2 169
7 19 0 216
7 21 0 233
8 0 0 32
8 1 2 38
8 2 1 41
8 3 1 32
8 4 2 56
8 5 1 38
8 6 1 50
8 7 1 59
8 8 0 57
8 9 0 61
8 10 0 71
8 11 1 72
8 12 0 60
8 13 0 97
8 14 0 81
8 16 0 83
8 15 0 94
8 18 0 101
8 17 2 74
8 20 0 85
8 19 0 91
8 21 0 104
9 0 0 34
9 1 1 38
9 2 0 34
9 3 0 34
9 4 0 35
9 5 0 43
9 6 0 38
9 7 1 41
9 8 0 41
9 9 0 39
9 10 0 42
9 11 1 47
9 12 0 43
9 13 0 45
9 14 0 47
9 16 0 51
9 15 0 46
9 18 0 53
9 17 0 49
9 20 0 52
9 19 0 52
9 21 0 57
10 0 0 110
10 1 0 148
10 2 0 120
10 3 2 110
10 4 0 132
10 5 1 131
10 6 0 139
10 7 1 180
10 8 0 172
10 9 0 210
10 10 0 214
10 11 0 142
10 12 2 190
10 13 0 219
10 14 0 221
10 16 0 220
10 15 0 225
10 18 0 232
10 17 0 226
10 20 0 233
10 19 0 227
10 21 0 239
11 0 0 44
11 1 0 44
11 2 0 57
11 3 0 54
11 4 1 72
11 5 0 67
11 6 0 58
11 7 2 70
11 8 0 81
11 9 2 78
11 10 0 105
11 11 0 93
11 12 2 89
11 13 2 102
11 14 0 103
11 16 0 110
11 15 0 97
11 18 0 109
11 17 1 99
11 20 0 113
11 19 0 104
11 21 0 115
12 0 0 47
12 1 0 47
12 2 1 51
12 3 1 73
12 4 0 48
12 5 1 48
12 6 2 49
12 7 1 64
12 8 2 58
12 9 1 71
12 10 0 76
12 11 0 81
12 12 1 79
12 13 0 69
12 14 2 79
12 16 0 82
12 15 1 80
12 18 2 85
12 17 0 84
12 20 1 88
12 19 2 87
12 21 0 93
13 0 0 49
13 1 1 60
13 2 2 63
13 3 2 49
13 4 0 101
13 5 0 105
13 6 2 79
13 7 2 150
13 8 2 178
13 9 2 140
13 10 2 186
13 11 1 142
13 12 2 145
13 13 2 160
13 14 2 195
13 16 2 173
13 15 0 158
13 18 2 195
13 17 0 169
13 20 2 205
13 19 2 185
13 21 0 214
14 0 0 51
14 1 1 61
14 2 0 54
14 3 0 51
14 4 2 55
14 5 0 59
14 6 0 62
14 7 1 67
14 8 2 66
14 9 0 70
14 10 0 69
14 11 1 70
14 12 0 76
14 13 0 87
14 14 2 79
14 16 1 85
14 15 0 90
14 18 0 92
14 17 1 82
14 20 1 87
14 19 0 93
14 21 0 96
