0 0 0 0
0 1 0 3
0 2 0 0
0 3 0 0
0 4 1 20
0 5 0 4
0 6 1 19
0 7 0 1
0 8 0 9
0 9 1 5
0 10 1 25
0 11 2 15
0 12 0 5
0 13 0 18
0 14 0 23
0 16 0 9
0 15 0 24
0 18 0 31
0 17 1 9
0 20 0 28
0 19 0 29
0 21 0 32
1 0 0 15
1 1 0 34
1 2 1 91
1 3 0 15
1 4 2 76
1 5 0 98
1 6 0 32
1 7 0 67
1 8 0 108
1 9 0 113
1 10 0 101
1 11 0 104
1 12 0 107
1 13 0 116
1 14 0 112
1 16 0 127
1 15 0 124
1 18 0 125
1 17 0 120
1 20 0 128
1 19 0 113
1 21 0 130
2 0 0 6
2 1 0 6
2 2 1 6
2 3 1 9
2 4 1 11
2 5 2 14
2 6 0 25
2 7 0 18
2 8 2 11
2 9 0 22
2 10 0 19
2 11 2 11
2 12 0 20
2 13 2 13
2 14 2 25
2 16 0 26
2 15 1 20
2 18 0 30
2 17 0 23
2 20 0 26
2 19 0 29
2 21 0 31
3 0 0 16
3 1 0 26
3 2 0 18
3 3 0 16
3 4 0 54
3 5 0 30
3 6 2 37
3 7 0 28
3 8 2 59
3 9 1 47
3 10 2 45
3 11 0 29
3 12 2 72
3 13 2 55
3 14 0 70
3 16 0 73
3 15 1 68
3 18 0 87
3 17 0 81
3 20 0 84
3 19 0 82
3 21 0 89
4 0 0 29
4 1 2 34
4 2 1 29
4 3 0 55
4 4 2 34
4 5 2 57
4 6 2 89
4 7 2 134
4 8 0 105
4 9 2 92
4 10 1 44
4 11 2 108
4 12 2 145
4 13 2 131
4 14 0 158
4 16 2 170
4 15 1 131
4 18 1 141
4 17 1 172
4 20 2 177
4 19 2 178
4 21 0 187
5 0 0 19
5 1 0 22
5 2 0 19
5 3 0 19
5 4 1 20
5 5 0 28
5 6 0 29
5 7 0 24
5 8 0 33
5 9 0 27
5 10 0 35
5 11 0 42
5 12 1 29
5 13 2 26
5 14 0 37
5 16 0 42
5 15 2 34
5 18 2 43
5 17 0 25
5 20 0 38
5 19 2 45
5 21 0 50
6 0 0 33
6 1 1 215
6 2 0 90
6 3 2 33
6 4 2 150
6 5 2 214
6 6 2 229
6 7 0 195
6 8 2 232
6 9 0 245
6 10 0 248
6 11 2 251
6 12 2 226
6 13 2 235
6 14 1 244
6 16 2 249
6 15 2 241
6 18 1 265
6 17 2 250
6 20 2 256
6 19 2 260
6 21 0 269
7 0 0 32
7 1 0 115
7 2 2 32
7 3 2 42
7 4 2 130
7 5 2 147
7 6 1 75
7 7 0 145
7 8 2 186
7 9 1 194
7 10 2 147
7 11 1 204
7 12 0 200
7 13 2 214
7 14 2 200
7 16 2 157
7 15 0 222
7 18 0 229
7 17 0 223
7 20 2 209
7 19 0 223
7 21 0 230
8 0 0 30
8 1 1 30
8 2 1 35
8 3 0 30
8 4 2 41
8 5 1 39
8 6 1 44
8 7 1 52
8 8 0 44
8 9 1 50
8 10 0 51
8 11 0 62
8 12 0 64
8 13 0 71
8 14 0 62
8 16 0 61
8 15 0 72
8 18 1 75
8 17 2 58
8 20 0 65
8 19 0 67
8 21 0 84
9 0 0 34
9 1 1 38
9 2 0 34
9 3 0 34
9 4 0 35
9 5 0 42
9 6 0 39
9 7 1 41
9 8 0 41
9 9 0 40
9 10 0 43
9 11 1 49
9 12 1 42
9 13 0 43
9 14 0 50
9 16 0 53
9 15 0 46
9 18 0 54
9 17 0 52
9 20 0 58
9 19 0 54
9 21 0 59
10 0 0 61
10 1 0 154
10 2 0 139
10 3 1 61
10 4 0 168
10 5 1 65
10 6 0 108
10 7 1 180
10 8 0 144
10 9 2 170
10 10 0 167
10 11 0 111
10 12 1 161
10 13 1 187
10 14 0 192
10 16 0 177
10 15 0 194
10 18 0 202
10 17 1 199
10 20 1 203
10 19 0 208
10 21 0 212
11 0 0 44
11 1 0 47
11 2 0 51
11 3 0 44
11 4 1 51
11 5 2 57
11 6 0 50
11 7 0 61
11 8 0 72
11 9 2 61
11 10 0 68
11 11 2 52
11 12 1 62
11 13 2 82
11 14 0 81
11 16 0 94
11 15 0 83
11 18 2 82
11 17 1 95
11 20 0 98
11 19 0 97
11 21 0 100
12 0 0 47
12 1 0 47
12 2 1 54
12 3 1 59
12 4 1 48
12 5 1 49
12 6 2 51
12 7 1 61
12 8 2 72
12 9 1 78
12 10 0 68
12 11 0 83
12 12 1 71
12 13 0 66
12 14 2 78
12 16 0 84
12 15 2 72
12 18 2 87
12 17 0 85
12 20 1 73
12 19 2 88
12 21 0 94
13 0 0 90
13 1 1 129
13 2 2 100
13 3 2 90
13 4 2 102
13 5 0 155
13 6 2 184
13 7 2 195
13 8 2 117
13 9 2 161
13 10 2 159
13 11 1 177
13 12 2 115
13 13 0 214
13 14 2 215
13 16 2 227
13 15 0 212
13 18 2 231
13 17 1 218
13 20 2 234
13 19 0 241
13 21 0 243
14 0 0 51
14 1 1 51
14 2 0 53
14 3 0 51
14 4 0 56
14 5 0 54
14 6 1 60
14 7 1 56
14 8 2 57
14 9 0 65
14 10 0 57
14 11 1 57
14 12 0 67
14 13 0 68
14 14 2 64
14 16 0 74
14 15 0 73
14 18 0 75
14 17 1 68
14 20 0 76
14 19 0 77
14 21 0 79
