0 0 0 0
0 1 0 0
0 2 0 0
0 3 0 0
0 4 0 1
0 5 0 21
0 6 0 31
0 7 0 1
0 8 0 16
0 9 2 7
0 10 0 17
0 11 0 32
0 12 1 26
0 13 0 22
0 14 1 35
0 16 0 41
0 15 0 25
0 18 1 41
0 17 0 39
0 20 1 30
0 19 0 10
0 22 0 43
0 21 0 33
0 24 0 35
0 23 0 36
0 26 0 31
0 25 0 45
0 28 1 38
0 27 1 45
0 30 0 46
0 29 0 50
0 31 0 51
1 0 0 2
1 1 0 2
1 2 1 14
1 3 1 2
1 4 0 22
1 5 2 16
1 6 1 24
1 7 2 4
1 8 2 8
1 9 1 22
1 10 2 33
1 11 0 53
1 12 1 49
1 13 2 37
1 14 1 46
1 16 2 54
1 15 2 57
1 18 2 57
1 17 2 63
1 20 0 72
1 19 1 43
1 22 2 55
1 21 1 44
1 24 2 76
1 23 0 74
1 26 0 75
1 25 0 70
1 28 2 75
1 27 2 28
1 30 1 82
1 29 2 79
1 31 0 83
2 0 0 3
2 1 2 3
2 2 0 3
2 3 0 6
2 4 2 7
2 5 0 5
2 6 2 8
2 7 1 11
2 8 1 14
2 9 0 24
2 10 0 8
2 11 1 31
2 12 0 4
2 13 1 13
2 14 2 16
2 16 0 13
2 15 2 18
2 18 1 13
2 17 0 15
2 20 2 21
2 19 2 14
2 22 2 24
2 21 1 26
2 24 1 32
2 23 0 29
2 26 0 30
2 25 0 25
2 28 0 40
2 27 2 32
2 30 0 38
2 29 1 37
2 31 0 41
3 0 0 14
3 1 0 14
3 2 0 15
3 3 1 33
3 4 1 20
3 5 0 29
3 6 0 26
3 7 1 91
3 8 1 35
3 9 0 53
3 10 2 71
3 11 2 81
3 12 1 39
3 13 0 110
3 14 2 60
3 16 2 75
3 15 2 96
3 18 2 117
3 17 2 44
3 20 0 110
3 19 2 131
3 22 1 124
3 21 0 128
3 24 1 132
3 23 0 130
3 26 2 125
3 25 1 135
3 28 0 140
3 27 1 134
3 30 1 140
3 29 0 140
3 31 0 143
4 0 0 22
4 1 2 49
4 2 0 55
4 3 0 22
4 4 0 68
4 5 1 107
4 6 2 104
4 7 0 173
4 8 0 197
4 9 2 209
4 10 0 211
4 11 0 172
4 12 1 199
4 13 0 213
4 14 1 195
4 16 0 220
4 15 0 197
4 18 1 203
4 17 0 205
4 20 0 202
4 19 2 188
4 22 0 218
4 21 0 219
4 24 1 211
4 23 1 209
4 26 2 217
4 25 0 221
4 28 1 227
4 27 0 223
4 30 0 226
4 29 0 228
4 31 0 231
5 0 0 27
5 1 1 28
5 2 0 90
5 3 0 27
5 4 0 89
5 5 0 60
5 6 1 43
5 7 0 83
5 8 0 64
5 9 2 75
5 10 0 110
5 11 2 72
5 12 1 97
5 13 1 89
5 14 1 93
5 16 2 102
5 15 2 99
5 18 0 123
5 17 2 53
5 20 0 126
5 19 0 99
5 22 0 117
5 21 0 102
5 24 0 114
5 23 2 92
5 26 2 121
5 25 0 106
5 28 0 132
5 27 0 112
5 30 1 132
5 29 0 132
5 31 0 135
6 0 0 28
6 1 0 28
6 2 1 29
6 3 2 41
6 4 1 40
6 5 0 34
6 6 0 40
6 7 0 40
6 8 0 37
6 9 0 47
6 10 2 51
6 11 2 56
6 12 2 39
6 13 2 48
6 14 1 65
6 16 0 59
6 15 1 52
6 18 1 57
6 17 2 38
6 20 2 52
6 19 2 65
6 22 2 61
6 21 0 61
6 24 0 71
6 23 2 64
6 26 0 72
6 25 2 52
6 28 2 79
6 27 1 61
6 30 1 74
6 29 1 74
6 31 0 83
7 0 0 49
7 1 1 136
7 2 2 57
7 3 2 49
7 4 2 67
7 5 0 90
7 6 1 117
7 7 0 101
7 8 2 113
7 9 2 138
7 10 1 174
7 11 1 159
7 12 1 143
7 13 1 171
7 14 0 171
7 16 2 148
7 15 0 181
7 18 1 173
7 17 0 162
7 20 0 184
7 19 2 175
7 22 1 165
7 21 2 152
7 24 0 188
7 23 0 179
7 26 0 182
7 25 0 186
7 28 0 194
7 27 2 187
7 30 0 177
7 29 0 192
7 31 0 195
8 0 0 46
8 1 0 85
8 2 0 46
8 3 0 53
8 4 2 112
8 5 2 127
8 6 0 162
8 7 2 66
8 8 2 110
8 9 2 143
8 10 2 86
8 11 2 120
8 12 0 157
8 13 0 165
8 14 0 80
8 16 2 154
8 15 0 139
8 18 2 163
8 17 0 154
8 20 0 166
8 19 0 124
8 22 0 169
8 21 0 172
8 24 0 180
8 23 2 165
8 26 0 175
8 25 0 174
8 28 1 181
8 27 0 175
8 30 0 185
8 29 2 178
8 31 0 187
9 0 0 33
9 1 0 41
9 2 0 33
9 3 0 42
9 4 0 51
9 5 0 63
9 6 2 35
9 7 0 63
9 8 0 49
9 9 0 37
9 10 1 80
9 11 0 72
9 12 0 40
9 13 0 68
9 14 0 57
9 16 0 77
9 15 1 74
9 18 0 52
9 17 0 82
9 20 0 81
9 19 0 80
9 22 0 85
9 21 0 84
9 24 0 56
9 23 1 83
9 26 0 83
9 25 1 70
9 28 0 86
9 27 0 85
9 30 0 86
9 29 0 87
9 31 0 89
10 0 0 76
10 1 0 98
10 2 0 76
10 3 0 166
10 4 0 179
10 5 0 187
10 6 2 102
10 7 0 189
10 8 1 199
10 9 2 202
10 10 1 95
10 11 0 200
10 12 0 195
10 13 1 205
10 14 1 204
10 16 0 194
10 15 0 211
10 18 2 214
10 17 0 202
10 20 0 208
10 19 0 192
10 22 0 215
10 21 0 224
10 24 0 214
10 23 1 228
10 26 0 223
10 25 2 212
10 28 1 223
10 27 0 217
10 30 0 229
10 29 0 232
10 31 0 233
11 0 0 59
11 1 0 65
11 2 2 60
11 3 0 59
11 4 0 76
11 5 1 89
11 6 0 84
11 7 0 121
11 8 0 105
11 9 0 91
11 10 0 118
11 11 1 92
11 12 0 107
11 13 1 143
11 14 0 124
11 16 0 131
11 15 0 117
11 18 1 112
11 17 0 126
11 20 0 145
11 19 0 128
11 22 0 137
11 21 0 116
11 24 0 125
11 23 0 134
11 26 0 131
11 25 0 129
11 28 0 140
11 27 0 136
11 30 0 151
11 29 1 142
11 31 0 152
12 0 0 61
12 1 1 65
12 2 0 65
12 3 1 61
12 4 2 63
12 5 2 73
12 6 2 75
12 7 2 84
12 8 2 72
12 9 2 84
12 10 2 74
12 11 2 91
12 12 0 92
12 13 2 108
12 14 2 93
12 16 2 118
12 15 1 120
12 18 2 84
12 17 1 93
12 20 2 97
12 19 0 94
12 22 1 77
12 21 2 97
12 24 2 107
12 23 2 108
12 26 2 116
12 25 0 110
12 28 0 134
12 27 2 124
12 30 2 125
12 29 2 131
12 31 0 139
13 0 0 75
13 1 1 97
13 2 0 77
13 3 0 75
13 4 0 100
13 5 0 119
13 6 0 131
13 7 2 81
13 8 1 94
13 9 0 99
13 10 0 95
13 11 0 116
13 12 2 103
13 13 0 122
13 14 0 111
13 16 0 108
13 15 0 133
13 18 0 135
13 17 0 118
13 20 0 139
13 19 0 115
13 22 2 135
13 21 0 137
13 24 1 135
13 23 0 127
13 26 2 138
13 25 1 140
13 28 1 150
13 27 2 136
13 30 0 150
13 29 1 143
13 31 0 154
14 0 0 85
14 1 1 85
14 2 2 108
14 3 0 107
14 4 0 105
14 5 1 155
14 6 2 104
14 7 1 117
14 8 0 136
14 9 0 161
14 10 1 141
14 11 2 161
14 12 2 161
14 13 0 192
14 14 2 152
14 16 1 156
14 15 0 169
14 18 2 172
14 17 2 113
14 20 2 174
14 19 0 155
14 22 2 186
14 21 0 190
14 24 2 187
14 23 0 177
14 26 0 184
14 25 0 198
14 28 2 199
14 27 0 200
14 30 0 208
14 29 0 197
14 31 0 209
