0 0 0 0
0 1 0 0
0 2 0 0
0 3 0 0
0 4 0 1
0 5 0 19
0 6 0 24
0 7 0 9
0 8 0 4
0 9 0 6
0 10 0 10
0 11 0 24
0 12 1 16
0 13 0 16
0 14 0 28
0 16 0 28
0 15 0 22
0 18 1 25
0 17 2 21
0 20 0 19
0 19 0 13
0 22 0 30
0 21 0 21
0 24 0 27
0 23 0 23
0 26 0 23
0 25 2 32
0 28 0 40
0 27 1 29
0 30 0 32
0 29 0 42
0 31 0 43
1 0 0 2
1 1 0 2
1 2 2 4
1 3 1 2
1 4 1 6
1 5 2 10
1 6 1 16
1 7 2 37
1 8 1 54
1 9 1 15
1 10 2 23
1 11 0 60
1 12 0 39
1 13 2 26
1 14 2 32
1 16 2 76
1 15 1 66
1 18 2 72
1 17 2 92
1 20 0 101
1 19 1 54
1 22 1 64
1 21 0 47
1 24 2 83
1 23 0 80
1 26 2 90
1 25 0 98
1 28 2 87
1 27 2 63
1 30 1 103
1 29 2 103
1 31 0 106
2 0 0 3
2 1 1 3
2 2 0 3
2 3 0 5
2 4 2 7
2 5 0 5
2 6 1 30
2 7 1 7
2 8 2 12
2 9 0 23
2 10 0 8
2 11 1 43
2 12 0 48
2 13 1 41
2 14 2 52
2 16 0 11
2 15 2 36
2 18 1 10
2 17 1 14
2 20 2 31
2 19 2 15
2 22 2 42
2 21 1 24
2 24 1 51
2 23 0 41
2 26 0 49
2 25 0 58
2 28 0 61
2 27 2 52
2 30 2 60
2 29 0 61
2 31 0 64
3 0 0 13
3 1 0 13
3 2 0 17
3 3 0 22
3 4 1 17
3 5 0 20
3 6 0 44
3 7 1 24
3 8 1 23
3 9 0 47
3 10 1 46
3 11 2 33
3 12 1 30
3 13 0 67
3 14 2 64
3 16 2 61
3 15 0 71
3 18 2 74
3 17 2 52
3 20 2 47
3 19 1 82
3 22 1 79
3 21 0 79
3 24 1 91
3 23 0 85
3 26 2 76
3 25 1 86
3 28 0 95
3 27 2 83
3 30 1 94
3 29 1 94
3 31 0 98
4 0 0 20
4 1 2 45
4 2 0 20
4 3 1 43
4 4 0 78
4 5 0 101
4 6 1 109
4 7 0 115
4 8 2 119
4 9 2 80
4 10 1 107
4 11 1 137
4 12 1 139
4 13 0 159
4 14 0 132
4 16 0 170
4 15 0 151
4 18 1 155
4 17 1 159
4 20 1 158
4 19 2 137
4 22 1 149
4 21 2 167
4 24 2 165
4 23 0 134
4 26 0 158
4 25 0 176
4 28 1 161
4 27 0 174
4 30 0 179
4 29 0 180
4 31 0 184
5 0 0 24
5 1 1 24
5 2 0 45
5 3 0 52
5 4 0 84
5 5 0 56
5 6 2 35
5 7 0 57
5 8 2 58
5 9 0 72
5 10 1 121
5 11 0 64
5 12 1 97
5 13 0 72
5 14 0 86
5 16 2 108
5 15 0 111
5 18 1 119
5 17 0 29
5 20 0 127
5 19 0 77
5 22 0 128
5 21 0 107
5 24 0 113
5 23 2 46
5 26 2 102
5 25 0 120
5 28 0 134
5 27 0 128
5 30 1 133
5 29 0 136
5 31 0 137
6 0 0 30
6 1 0 32
6 2 1 30
6 3 2 44
6 4 1 39
6 5 1 34
6 6 0 45
6 7 0 44
6 8 0 41
6 9 2 49
6 10 2 58
6 11 2 65
6 12 2 44
6 13 2 53
6 14 0 74
6 16 2 55
6 15 1 56
6 18 0 74
6 17 2 61
6 20 2 64
6 19 2 79
6 22 2 68
6 21 2 68
6 24 0 88
6 23 2 72
6 26 0 86
6 25 1 74
6 28 1 93
6 27 2 74
6 30 0 87
6 29 1 78
6 31 0 94
7 0 0 38
7 1 1 162
7 2 0 38
7 3 2 120
7 4 2 173
7 5 0 48
7 6 0 213
7 7 0 185
7 8 0 116
7 9 1 189
7 10 0 231
7 11 1 206
7 12 1 186
7 13 1 208
7 14 0 220
7 16 2 209
7 15 0 193
7 18 1 235
7 17 1 229
7 20 2 223
7 19 2 227
7 22 0 218
7 21 1 182
7 24 0 236
7 23 2 225
7 26 1 232
7 25 0 220
7 28 0 242
7 27 0 237
7 30 0 240
7 29 0 240
7 31 0 243
8 0 0 33
8 1 0 46
8 2 0 63
8 3 1 33
8 4 2 60
8 5 2 82
8 6 0 85
8 7 2 74
8 8 2 97
8 9 2 105
8 10 2 88
8 11 1 102
8 12 0 93
8 13 0 99
8 14 2 109
8 16 2 103
8 15 2 115
8 18 0 141
8 17 0 133
8 20 2 127
8 19 0 97
8 22 0 121
8 21 0 138
8 24 0 145
8 23 2 124
8 26 1 141
8 25 0 139
8 28 2 144
8 27 0 142
8 30 0 149
8 29 1 144
8 31 0 151
9 0 0 33
9 1 0 34
9 2 0 33
9 3 0 35
9 4 1 52
9 5 0 50
9 6 2 36
9 7 0 70
9 8 0 58
9 9 0 40
9 10 1 55
9 11 0 60
9 12 0 45
9 13 2 48
9 14 0 74
9 16 0 65
9 15 0 63
9 18 0 57
9 17 0 68
9 20 0 63
9 19 0 75
9 22 0 79
9 21 0 78
9 24 0 58
9 23 1 68
9 26 0 76
9 25 0 79
9 28 0 80
9 27 0 80
9 30 0 81
9 29 0 83
9 31 0 85
10 0 0 81
10 1 0 113
10 2 1 103
10 3 1 81
10 4 0 119
10 5 0 130
10 6 2 178
10 7 2 205
10 8 0 184
10 9 2 188
10 10 0 111
10 11 0 199
10 12 2 183
10 13 0 207
10 14 2 188
10 16 0 192
10 15 0 217
10 18 2 197
10 17 0 203
10 20 0 205
10 19 0 156
10 22 0 222
10 21 1 212
10 24 0 221
10 23 1 218
10 26 0 227
10 25 1 219
10 28 1 225
10 27 0 214
10 30 0 233
10 29 0 222
10 31 0 236
11 0 0 69
11 1 0 69
11 2 2 85
11 3 0 88
11 4 0 105
11 5 1 96
11 6 0 93
11 7 0 120
11 8 0 125
11 9 0 85
11 10 0 123
11 11 0 93
11 12 0 106
11 13 1 151
11 14 0 139
11 16 0 141
11 15 0 106
11 18 1 111
11 17 0 144
11 20 0 153
11 19 0 117
11 22 0 145
11 21 2 132
11 24 0 140
11 23 0 137
11 26 0 145
11 25 0 142
11 28 0 148
11 27 0 147
11 30 0 158
11 29 1 148
11 31 0 159
12 0 0 66
12 1 0 99
12 2 0 72
12 3 1 66
12 4 2 69
12 5 2 94
12 6 2 88
12 7 2 111
12 8 2 109
12 9 2 114
12 10 2 79
12 11 2 118
12 12 1 123
12 13 2 148
12 14 2 128
12 16 2 140
12 15 1 158
12 18 2 107
12 17 1 126
12 20 2 131
12 19 2 120
12 22 1 80
12 21 2 131
12 24 1 141
12 23 2 146
12 26 2 153
12 25 0 144
12 28 0 170
12 27 1 161
12 30 2 164
12 29 1 169
12 31 0 175
13 0 0 75
13 1 0 108
13 2 0 75
13 3 2 89
13 4 1 93
13 5 0 112
13 6 1 165
13 7 2 159
13 8 0 114
13 9 0 169
13 10 0 117
13 11 0 101
13 12 0 131
13 13 0 137
13 14 0 135
13 16 0 140
13 15 0 136
13 18 0 152
13 17 0 169
13 20 0 170
13 19 0 164
13 22 0 157
13 21 0 172
13 24 0 171
13 23 0 171
13 26 0 174
13 25 0 175
13 28 1 180
13 27 2 169
13 30 0 175
13 29 2 176
13 31 0 184
14 0 0 100
14 1 1 100
14 2 2 154
14 3 0 114
14 4 0 142
14 5 2 198
14 6 1 178
14 7 0 192
14 8 0 188
14 9 0 191
14 10 2 147
14 11 2 195
14 12 2 184
14 13 2 211
14 14 1 194
14 16 1 197
14 15 1 204
14 18 0 206
14 17 2 140
14 20 2 209
14 19 0 184
14 22 1 213
14 21 2 203
14 24 2 210
14 23 0 198
14 26 0 196
14 25 0 222
14 28 0 223
14 27 1 216
14 30 1 221
14 29 0 220
14 31 0 227
