0 0 0 0
0 1 0 1
0 2 0 0
0 3 0 1
0 4 2 2
0 5 0 9
0 6 0 13
0 7 0 2
0 8 0 11
0 9 2 7
0 10 1 18
0 11 0 15
0 12 0 22
0 13 0 27
0 14 0 12
0 16 0 37
0 15 0 35
0 18 1 48
0 17 0 44
0 20 1 37
0 19 0 6
0 22 0 43
0 21 0 36
0 24 0 14
0 23 0 42
0 26 0 28
0 25 2 45
0 28 0 46
0 27 0 51
0 30 0 55
0 29 0 57
0 31 0 58
1 0 0 2
1 1 0 2
1 2 2 20
1 3 1 3
1 4 0 7
1 5 0 9
1 6 0 25
1 7 2 5
1 8 1 13
1 9 1 22
1 10 2 15
1 11 0 64
1 12 0 41
1 13 2 42
1 14 2 41
1 16 2 58
1 15 1 49
1 18 2 59
1 17 2 55
1 20 2 71
1 19 1 56
1 22 1 54
1 21 1 38
1 24 2 67
1 23 0 65
1 26 0 66
1 25 2 73
1 28 0 68
1 27 2 45
1 30 1 81
1 29 1 80
1 31 0 82
2 0 0 3
2 1 2 5
2 2 0 3
2 3 0 18
2 4 2 20
2 5 0 17
2 6 1 25
2 7 2 14
2 8 1 23
2 9 0 38
2 10 0 26
2 11 1 46
2 12 2 4
2 13 0 39
2 14 2 44
2 16 0 17
2 15 0 32
2 18 0 30
2 17 0 21
2 20 2 29
2 19 2 29
2 22 2 38
2 21 1 35
2 24 1 47
2 23 0 39
2 26 0 43
2 25 0 34
2 28 0 50
2 27 1 45
2 30 0 52
2 29 1 49
2 31 0 54
3 0 0 13
3 1 0 19
3 2 0 19
3 3 0 13
3 4 1 24
3 5 1 32
3 6 2 53
3 7 0 131
3 8 1 39
3 9 0 108
3 10 1 175
3 11 2 69
3 12 1 93
3 13 0 185
3 14 2 181
3 16 2 189
3 15 2 164
3 18 2 195
3 17 2 139
3 20 2 143
3 19 2 206
3 22 1 201
3 21 0 200
3 24 1 210
3 23 0 207
3 26 1 198
3 25 0 211
3 28 0 214
3 27 0 204
3 30 1 214
3 29 1 213
3 31 0 217
4 0 0 16
4 1 2 16
4 2 0 41
4 3 1 30
4 4 0 33
4 5 0 45
4 6 1 26
4 7 0 40
4 8 1 58
4 9 0 35
4 10 0 85
4 11 1 75
4 12 0 77
4 13 0 91
4 14 0 64
4 16 0 106
4 15 0 75
4 18 1 97
4 17 1 89
4 20 0 79
4 19 0 89
4 22 0 110
4 21 1 100
4 24 2 107
4 23 1 75
4 26 1 99
4 25 0 117
4 28 1 115
4 27 0 119
4 30 0 121
4 29 0 122
4 31 0 126
5 0 0 29
5 1 0 29
5 2 0 133
5 3 0 67
5 4 0 72
5 5 0 92
5 6 1 73
5 7 0 129
5 8 0 129
5 9 1 180
5 10 0 149
5 11 0 85
5 12 0 174
5 13 0 156
5 14 0 163
5 16 2 181
5 15 2 168
5 18 1 198
5 17 2 103
5 20 1 192
5 19 0 165
5 22 0 196
5 21 0 195
5 24 0 199
5 23 2 152
5 26 2 188
5 25 0 198
5 28 0 202
5 27 0 201
5 30 1 202
5 29 0 204
5 31 0 205
6 0 0 28
6 1 0 28
6 2 1 28
6 3 2 56
6 4 2 31
6 5 1 33
6 6 2 37
6 7 0 52
6 8 2 38
6 9 0 53
6 10 2 64
6 11 1 71
6 12 2 47
6 13 2 54
6 14 1 81
6 16 0 60
6 15 1 78
6 18 1 71
6 17 2 54
6 20 2 61
6 19 2 86
6 22 2 64
6 21 0 86
6 24 0 86
6 23 2 88
6 26 0 93
6 25 1 72
6 28 1 100
6 27 1 81
6 30 0 97
6 29 1 88
6 31 0 101
7 0 0 52
7 1 1 52
7 2 2 72
7 3 2 125
7 4 0 82
7 5 1 103
7 6 1 109
7 7 0 100
7 8 2 116
7 9 2 110
7 10 1 169
7 11 1 145
7 12 0 127
7 13 0 178
7 14 0 151
7 16 2 130
7 15 0 159
7 18 1 181
7 17 0 161
7 20 0 165
7 19 2 168
7 22 0 176
7 21 1 157
7 24 0 179
7 23 0 181
7 26 2 184
7 25 0 180
7 28 0 194
7 27 1 188
7 30 0 188
7 29 0 192
7 31 0 195
8 0 0 36
8 1 0 53
8 2 0 36
8 3 0 46
8 4 2 63
8 5 2 90
8 6 0 72
8 7 2 68
8 8 2 56
8 9 0 119
8 10 2 74
8 11 1 81
8 12 1 68
8 13 0 137
8 14 2 108
8 16 2 111
8 15 2 112
8 18 2 136
8 17 0 123
8 20 2 124
8 19 2 109
8 22 2 127
8 21 0 145
8 24 0 144
8 23 2 120
8 26 1 141
8 25 0 136
8 28 2 144
8 27 0 139
8 30 0 148
8 29 1 146
8 31 0 150
9 0 0 39
9 1 0 44
9 2 0 39
9 3 0 39
9 4 1 80
9 5 0 60
9 6 2 51
9 7 0 91
9 8 0 62
9 9 0 42
9 10 1 66
9 11 0 97
9 12 0 59
9 13 2 64
9 14 2 64
9 16 0 83
9 15 0 86
9 18 0 88
9 17 0 94
9 20 0 89
9 19 0 100
9 22 0 103
9 21 0 101
9 24 0 74
9 23 1 95
9 26 0 95
9 25 1 91
9 28 0 104
9 27 0 102
9 30 0 104
9 29 0 104
9 31 0 107
10 0 0 54
10 1 0 113
10 2 1 65
10 3 0 54
10 4 0 87
10 5 0 137
10 6 2 148
10 7 2 171
10 8 1 138
10 9 2 180
10 10 0 126
10 11 0 205
10 12 0 92
10 13 0 211
10 14 1 202
10 16 0 156
10 15 0 191
10 18 2 194
10 17 0 128
10 20 0 169
10 19 0 187
10 22 0 227
10 21 1 204
10 24 0 205
10 23 0 228
10 26 0 218
10 25 1 210
10 28 0 224
10 27 0 217
10 30 0 230
10 29 1 229
10 31 0 233
11 0 0 67
11 1 0 101
11 2 2 67
11 3 0 77
11 4 0 88
11 5 1 99
11 6 0 107
11 7 0 86
11 8 0 141
11 9 0 109
11 10 2 119
11 11 0 111
11 12 0 121
11 13 2 158
11 14 0 143
11 16 0 120
11 15 0 122
11 18 1 125
11 17 0 154
11 20 2 156
11 19 0 150
11 22 0 153
11 21 2 135
11 24 0 133
11 23 0 139
11 26 0 149
11 25 0 147
11 28 0 157
11 27 0 156
11 30 1 166
11 29 1 160
11 31 0 168
12 0 0 61
12 1 1 76
12 2 0 61
12 3 1 62
12 4 2 69
12 5 2 80
12 6 2 94
12 7 2 92
12 8 2 105
12 9 2 98
12 10 2 69
12 11 2 137
12 12 1 126
12 13 2 129
12 14 2 117
12 16 2 146
12 15 1 162
12 18 2 110
12 17 2 134
12 20 2 140
12 19 0 122
12 22 1 88
12 21 2 129
12 24 2 150
12 23 2 150
12 26 2 159
12 25 0 153
12 28 0 175
12 27 1 167
12 30 2 164
12 29 1 174
12 31 0 180
13 0 0 77
13 1 1 139
13 2 0 77
13 3 0 85
13 4 0 107
13 5 0 121
13 6 0 167
13 7 1 138
13 8 1 114
13 9 0 148
13 10 0 90
13 11 0 130
13 12 2 124
13 13 0 98
13 14 1 146
13 16 1 159
13 15 0 132
13 18 0 135
13 17 0 174
13 20 0 175
13 19 2 152
13 22 0 154
13 21 0 175
13 24 0 171
13 23 0 162
13 26 2 173
13 25 0 177
13 28 1 183
13 27 2 166
13 30 0 170
13 29 1 178
13 31 0 187
14 0 0 111
14 1 2 118
14 2 2 111
14 3 1 214
14 4 0 209
14 5 0 179
14 6 1 198
14 7 1 242
14 8 2 208
14 9 2 218
14 10 1 191
14 11 1 223
14 12 1 203
14 13 2 231
14 14 2 217
14 16 2 221
14 15 1 229
14 18 2 226
14 17 1 226
14 20 0 235
14 19 0 213
14 22 0 237
14 21 1 228
14 24 1 238
14 23 1 234
14 26 0 237
14 25 1 244
14 28 0 245
14 27 1 243
14 30 1 246
14 29 0 244
14 31 0 249
