0 0 0 2
0 1 2 2
0 2 1 3
0 3 0 26
0 4 1 16
0 5 1 20
0 6 0 35
0 7 0 38
0 8 1 28
0 9 0 56
0 10 2 40
0 11 0 61
1 0 0 9
1 1 2 17
1 2 0 78
1 3 0 9
1 4 1 16
1 5 2 37
1 6 0 61
1 7 0 33
1 8 2 123
1 9 2 49
1 10 2 79
1 11 0 127
2 0 0 9
2 1 0 9
2 2 0 9
2 3 0 10
2 4 0 14
2 5 1 12
2 6 1 17
2 7 0 21
2 8 2 22
2 9 1 17
2 10 0 23
2 11 0 26
3 0 0 20
3 1 0 20
3 2 1 40
3 3 1 27
3 4 0 35
3 5 0 55
3 6 0 46
3 7 1 53
3 8 0 59
3 9 0 59
3 10 1 48
3 11 0 64
4 0 0 18
4 1 0 22
4 2 0 18
4 3 0 18
4 4 0 23
4 5 1 23
4 6 1 25
4 7 0 21
4 8 0 28
4 9 0 26
4 10 1 26
4 11 0 29
5 0 0 22
5 1 0 22
5 2 1 27
5 3 1 38
5 4 0 34
5 5 0 44
5 6 0 41
5 7 2 47
5 8 2 58
5 9 0 67
5 10 0 65
5 11 0 71
6 0 0 27
6 1 1 27
6 2 1 83
6 3 0 70
6 4 0 86
6 5 0 40
6 6 1 86
6 7 1 81
6 8 0 114
6 9 0 118
6 10 1 89
6 11 0 121
7 0 0 36
7 1 1 36
7 2 0 52
7 3 0 49
7 4 2 57
7 5 2 82
7 6 0 64
7 7 1 69
7 8 0 86
7 9 1 91
7 10 2 73
7 11 0 100
8 0 0 41
8 1 0 41
8 2 0 49
8 3 0 41
8 4 0 45
8 5 0 68
8 6 0 77
8 7 0 55
8 8 0 72
8 9 0 87
8 10 2 98
8 11 0 104
9 0 0 76
9 1 0 76
9 2 0 125
9 3 0 217
9 4 2 221
9 5 0 221
9 6 0 229
9 7 0 230
9 8 0 235
9 9 0 238
9 10 0 227
9 11 0 242
10 0 0 51
10 1 2 51
10 2 0 53
10 3 1 56
10 4 1 57
10 5 0 63
10 6 1 62
10 7 0 65
10 8 1 70
10 9 2 67
10 10 2 71
10 11 0 77
11 0 0 56
11 1 1 68
11 2 1 65
11 3 1 56
11 4 0 73
11 5 0 68
11 6 0 76
11 7 1 77
11 8 1 76
11 9 0 80
11 10 1 77
11 11 0 85
12 0 0 60
12 1 2 78
12 2 1 63
12 3 2 60
12 4 2 70
12 5 2 66
12 6 0 91
12 7 2 87
12 8 1 79
12 9 2 104
12 10 1 103
12 11 0 114
13 0 0 64
13 1 2 138
13 2 2 64
13 3 1 145
13 4 0 101
13 5 2 123
13 6 2 158
13 7 2 163
13 8 0 158
13 9 0 172
13 10 0 168
13 11 0 174
14 0 0 91
14 1 0 91
14 2 1 143
14 3 0 98
14 4 2 143
14 5 0 103
14 6 1 141
14 7 2 104
14 8 2 145
14 9 0 153
14 10 2 158
14 11 0 168
15 0 0 100
15 1 1 184
15 2 0 100
15 3 0 181
15 4 1 185
15 5 0 193
15 6 2 198
15 7 2 198
15 8 0 208
15 9 2 208
15 10 0 183
15 11 0 214
16 0 0 59
16 1 2 108
16 2 1 59
16 3 2 78
16 4 1 120
16 5 0 125
16 6 2 174
16 7 2 147
16 8 2 159
16 9 0 96
16 10 0 177
16 11 0 181
17 0 0 68
17 1 0 68
17 2 1 75
17 3 2 70
17 4 1 93
17 5 1 104
17 6 0 84
17 7 1 83
17 8 0 132
17 9 2 107
17 10 0 127
17 11 0 137
18 0 0 71
18 1 0 154
18 2 2 71
18 3 0 128
18 4 0 143
18 5 0 93
18 6 2 133
18 7 2 172
18 8 2 190
18 9 1 212
18 10 0 188
18 11 0 217
19 0 0 71
19 1 0 71
19 2 1 73
19 3 1 82
19 4 1 84
19 5 2 99
19 6 2 132
19 7 0 121
19 8 0 139
19 9 1 92
19 10 1 127
19 11 0 141
