0 0 0 0
0 1 2 2
0 2 0 0
0 3 0 7
0 4 1 49
0 5 1 31
0 6 0 41
0 7 0 69
0 8 1 88
0 9 0 117
0 10 2 53
0 11 0 122
1 0 0 9
1 1 1 15
1 2 2 17
1 3 0 9
1 4 1 14
1 5 2 96
1 6 0 31
1 7 0 67
1 8 2 132
1 9 0 104
1 10 2 39
1 11 0 136
2 0 0 9
2 1 1 11
2 2 1 9
2 3 0 32
2 4 0 35
2 5 1 17
2 6 0 37
2 7 0 32
2 8 0 38
2 9 2 27
2 10 0 37
2 11 0 39
3 0 0 17
3 1 0 26
3 2 1 38
3 3 1 17
3 4 0 33
3 5 0 41
3 6 0 25
3 7 1 33
3 8 0 47
3 9 1 43
3 10 1 45
3 11 0 52
4 0 0 18
4 1 0 19
4 2 0 18
4 3 0 18
4 4 0 23
4 5 1 23
4 6 1 25
4 7 0 24
4 8 0 28
4 9 0 26
4 10 1 27
4 11 0 29
5 0 0 31
5 1 1 31
5 2 1 40
5 3 2 39
5 4 0 44
5 5 0 48
5 6 1 55
5 7 2 64
5 8 2 80
5 9 0 76
5 10 0 84
5 11 0 90
6 0 0 26
6 1 0 26
6 2 1 29
6 3 0 43
6 4 1 42
6 5 0 49
6 6 1 50
6 7 1 59
6 8 0 57
6 9 0 70
6 10 1 61
6 11 0 73
7 0 0 40
7 1 1 40
7 2 2 55
7 3 0 51
7 4 0 71
7 5 2 77
7 6 0 61
7 7 1 66
7 8 0 83
7 9 1 86
7 10 2 71
7 11 0 95
8 0 0 42
8 1 0 45
8 2 0 42
8 3 0 46
8 4 0 52
8 5 0 49
8 6 0 66
8 7 0 51
8 8 0 56
8 9 0 70
8 10 2 71
8 11 0 77
9 0 0 93
9 1 0 93
9 2 0 176
9 3 0 107
9 4 2 146
9 5 0 187
9 6 2 182
9 7 1 206
9 8 0 214
9 9 0 202
9 10 0 206
9 11 0 217
10 0 0 51
10 1 2 51
10 2 0 52
10 3 1 53
10 4 1 57
10 5 0 68
10 6 1 62
10 7 0 64
10 8 1 69
10 9 2 67
10 10 2 69
10 11 0 77
11 0 0 53
11 1 1 60
11 2 1 54
11 3 1 53
11 4 0 63
11 5 0 65
11 6 0 72
11 7 1 74
11 8 2 72
11 9 0 77
11 10 1 71
11 11 0 82
12 0 0 60
12 1 2 64
12 2 2 60
12 3 0 82
12 4 2 70
12 5 0 92
12 6 0 110
12 7 0 96
12 8 1 105
12 9 2 117
12 10 1 111
12 11 0 127
13 0 0 86
13 1 2 159
13 2 2 86
13 3 0 132
13 4 0 91
13 5 2 137
13 6 2 149
13 7 2 166
13 8 0 182
13 9 0 176
13 10 0 171
13 11 0 187
14 0 0 63
14 1 0 129
14 2 1 63
14 3 0 73
14 4 2 74
14 5 0 145
14 6 1 143
14 7 2 149
14 8 2 163
14 9 0 175
14 10 2 161
14 11 0 176
15 0 0 127
15 1 1 217
15 2 0 209
15 3 0 127
15 4 1 210
15 5 0 218
15 6 2 223
15 7 2 225
15 8 0 235
15 9 2 233
15 10 0 234
15 11 0 239
16 0 0 57
16 1 1 96
16 2 1 122
16 3 2 57
16 4 1 100
16 5 0 131
16 6 2 146
16 7 2 140
16 8 2 105
16 9 1 81
16 10 0 159
16 11 0 163
17 0 0 60
17 1 0 76
17 2 1 60
17 3 2 60
17 4 0 69
17 5 1 77
17 6 0 69
17 7 0 77
17 8 0 99
17 9 0 93
17 10 1 95
17 11 0 104
18 0 0 79
18 1 0 178
18 2 0 97
18 3 1 79
18 4 0 140
18 5 0 167
18 6 2 117
18 7 2 180
18 8 1 198
18 9 1 192
18 10 0 197
18 11 0 202
19 0 0 74
19 1 0 90
19 2 2 74
19 3 0 95
19 4 1 93
19 5 0 122
19 6 2 123
19 7 0 130
19 8 0 136
19 9 1 111
19 10 1 138
19 11 0 143
