0 0 0 3
0 1 2 3
0 2 1 23
0 3 1 92
0 4 1 70
0 5 1 54
0 6 0 111
0 7 0 116
0 8 2 77
0 9 0 119
0 10 2 88
0 11 0 124
1 0 0 9
1 1 1 14
1 2 2 16
1 3 1 9
1 4 1 14
1 5 0 27
1 6 0 31
1 7 0 22
1 8 2 45
1 9 2 63
1 10 0 49
1 11 0 69
2 0 0 9
2 1 0 9
2 2 1 12
2 3 0 24
2 4 0 25
2 5 1 12
2 6 0 28
2 7 0 22
2 8 0 29
2 9 2 21
2 10 0 27
2 11 0 31
3 0 0 17
3 1 0 17
3 2 2 25
3 3 2 24
3 4 0 42
3 5 0 47
3 6 0 33
3 7 2 34
3 8 0 51
3 9 1 44
3 10 1 35
3 11 0 56
4 0 0 22
4 1 2 22
4 2 0 22
4 3 1 25
4 4 0 52
4 5 2 46
4 6 1 54
4 7 2 25
4 8 0 57
4 9 0 54
4 10 1 55
4 11 0 58
5 0 0 24
5 1 1 32
5 2 1 24
5 3 1 35
5 4 0 43
5 5 0 46
5 6 0 45
5 7 2 51
5 8 2 62
5 9 0 77
5 10 0 76
5 11 0 82
6 0 0 28
6 1 0 35
6 2 1 31
6 3 1 28
6 4 0 69
6 5 0 40
6 6 1 63
6 7 2 126
6 8 0 162
6 9 0 149
6 10 1 110
6 11 0 166
7 0 0 38
7 1 1 38
7 2 0 67
7 3 0 43
7 4 2 69
7 5 2 85
7 6 2 51
7 7 1 64
7 8 2 80
7 9 1 94
7 10 2 68
7 11 0 103
8 0 0 41
8 1 0 41
8 2 1 43
8 3 0 45
8 4 0 58
8 5 0 52
8 6 0 62
8 7 0 75
8 8 0 84
8 9 0 66
8 10 2 76
8 11 0 85
9 0 0 54
9 1 0 100
9 2 0 94
9 3 0 54
9 4 2 86
9 5 0 114
9 6 0 107
9 7 2 154
9 8 0 178
9 9 0 188
9 10 1 181
9 11 0 192
10 0 0 51
10 1 2 51
10 2 0 51
10 3 0 53
10 4 1 57
10 5 0 61
10 6 1 62
10 7 0 61
10 8 1 70
10 9 2 67
10 10 2 70
10 11 0 77
11 0 0 67
11 1 1 74
11 2 1 81
11 3 1 67
11 4 0 96
11 5 0 80
11 6 2 99
11 7 0 105
11 8 2 99
11 9 0 107
11 10 1 107
11 11 0 112
12 0 0 68
12 1 2 68
12 2 2 69
12 3 0 79
12 4 2 101
12 5 2 125
12 6 0 107
12 7 0 120
12 8 2 124
12 9 2 136
12 10 1 138
12 11 0 146
13 0 0 67
13 1 1 108
13 2 2 67
13 3 0 96
13 4 0 152
13 5 2 169
13 6 2 181
13 7 2 132
13 8 1 181
13 9 2 192
13 10 0 192
13 11 0 196
14 0 0 74
14 1 0 85
14 2 1 122
14 3 0 74
14 4 2 126
14 5 0 82
14 6 1 108
14 7 2 86
14 8 2 169
14 9 0 148
14 10 2 149
14 11 0 177
15 0 0 174
15 1 1 196
15 2 0 174
15 3 0 175
15 4 1 211
15 5 0 214
15 6 2 219
15 7 2 219
15 8 0 229
15 9 2 229
15 10 0 233
15 11 0 235
16 0 0 73
16 1 1 88
16 2 1 133
16 3 2 73
16 4 1 113
16 5 0 124
16 6 2 166
16 7 2 149
16 8 2 121
16 9 1 110
16 10 0 169
16 11 0 173
17 0 0 71
17 1 0 86
17 2 2 98
17 3 1 71
17 4 2 82
17 5 1 122
17 6 2 111
17 7 0 124
17 8 0 141
17 9 0 130
17 10 1 130
17 11 0 146
18 0 0 107
18 1 0 202
18 2 0 107
18 3 1 116
18 4 2 121
18 5 0 127
18 6 2 176
18 7 2 164
18 8 1 186
18 9 1 197
18 10 0 206
18 11 0 211
19 0 0 69
19 1 0 83
19 2 2 69
19 3 1 72
19 4 1 99
19 5 0 107
19 6 0 124
19 7 0 112
19 8 0 146
19 9 1 101
19 10 1 127
19 11 0 148
