0 0 0 1
0 1 2 25
0 2 0 1
0 3 0 21
0 4 2 124
0 5 0 56
0 6 0 49
0 7 0 70
0 8 0 26
0 9 0 62
0 10 0 152
0 11 0 146
0 12 0 164
0 13 0 118
0 14 0 67
0 16 0 151
0 15 0 139
0 18 0 171
0 17 0 160
0 20 1 152
0 19 0 171
0 21 0 176
1 0 0 3
1 1 0 12
1 2 0 3
1 3 0 6
1 4 0 36
1 5 0 43
1 6 1 53
1 7 0 68
1 8 0 138
1 9 0 100
1 10 0 115
1 11 2 74
1 12 0 41
1 13 2 191
1 14 0 168
1 16 0 218
1 15 1 328
1 18 0 225
1 17 0 367
1 20 2 348
1 19 0 370
1 21 0 372
2 0 0 10
2 1 0 440
2 2 0 13
2 3 0 10
2 4 0 16
2 5 0 18
2 6 0 310
2 7 1 557
2 8 0 550
2 9 0 593
2 10 2 87
2 11 0 588
2 12 0 111
2 13 0 595
2 14 2 597
2 16 0 583
2 15 0 591
2 18 0 612
2 17 0 600
2 20 2 604
2 19 0 607
2 21 0 614
3 0 0 29
3 1 0 32
3 2 0 36
3 3 1 29
3 4 1 67
3 5 0 47
3 6 0 73
3 7 0 50
3 8 0 72
3 9 0 71
3 10 0 40
3 11 0 82
3 12 0 117
3 13 1 105
3 14 0 111
3 16 2 117
3 15 1 96
3 18 1 121
3 17 0 56
3 20 0 125
3 19 0 112
3 21 0 126
4 0 0 21
4 1 0 63
4 2 0 21
4 3 1 46
4 4 0 57
4 5 1 75
4 6 0 141
4 7 0 231
4 8 2 157
4 9 1 87
4 10 0 162
4 11 0 104
4 12 0 209
4 13 0 235
4 14 0 244
4 16 0 147
4 15 1 185
4 18 0 282
4 17 0 240
4 20 2 272
4 19 0 286
4 21 0 290
5 0 0 72
5 1 0 181
5 2 0 359
5 3 1 72
5 4 0 528
5 5 0 180
5 6 0 542
5 7 1 357
5 8 0 505
5 9 0 537
5 10 1 543
5 11 2 399
5 12 0 411
5 13 1 550
5 14 0 524
5 16 0 546
5 15 2 419
5 18 0 573
5 17 0 541
5 20 0 566
5 19 1 264
5 21 0 582
6 0 0 54
6 1 2 96
6 2 0 54
6 3 0 184
6 4 0 81
6 5 0 162
6 6 0 228
6 7 1 156
6 8 1 249
6 9 0 207
6 10 0 201
6 11 1 268
6 12 1 221
6 13 0 245
6 14 1 261
6 16 1 265
6 15 0 232
6 18 0 270
6 17 2 251
6 20 0 264
6 19 0 271
6 21 0 273
7 0 0 32
7 1 0 32
7 2 0 42
7 3 0 81
7 4 1 62
7 5 0 98
7 6 0 53
7 7 0 79
7 8 0 290
7 9 0 183
7 10 2 215
7 11 0 309
7 12 0 228
7 13 1 288
7 14 0 315
7 16 0 287
7 15 0 283
7 18 0 351
7 17 0 341
7 20 1 382
7 19 2 380
7 21 0 390
8 0 0 46
8 1 2 349
8 2 0 46
8 3 0 50
8 4 0 122
8 5 0 316
8 6 1 109
8 7 1 253
8 8 1 296
8 9 2 330
8 10 0 428
8 11 2 439
8 12 0 337
8 13 1 421
8 14 0 398
8 16 0 451
8 15 2 411
8 18 0 454
8 17 0 362
8 20 1 451
8 19 0 463
8 21 0 464
9 0 0 67
9 1 0 130
9 2 1 147
9 3 1 67
9 4 2 147
9 5 2 220
9 6 1 216
9 7 2 298
9 8 1 211
9 9 2 352
9 10 1 296
9 11 0 249
9 12 0 340
9 13 1 291
9 14 2 299
9 16 2 380
9 15 1 363
9 18 1 378
9 17 0 312
9 20 0 390
9 19 0 386
9 21 0 391
10 0 0 84
10 1 0 136
10 2 0 84
10 3 0 147
10 4 0 171
10 5 1 175
10 6 0 206
10 7 0 191
10 8 0 237
10 9 2 322
10 10 1 275
10 11 0 260
10 12 0 205
10 13 0 280
10 14 1 304
10 16 2 293
10 15 0 314
10 18 1 328
10 17 0 320
10 20 0 315
10 19 0 354
10 21 0 362
11 0 0 154
11 1 1 270
11 2 0 154
11 3 2 177
11 4 2 372
11 5 1 208
11 6 2 169
11 7 0 234
11 8 1 414
11 9 0 363
11 10 2 258
11 11 1 272
11 12 2 392
11 13 1 405
11 14 0 385
11 16 1 402
11 15 2 397
11 18 0 419
11 17 0 409
11 20 0 422
11 19 0 420
11 21 0 426
12 0 0 82
12 1 0 82
12 2 0 104
12 3 0 150
12 4 0 109
12 5 2 110
12 6 0 174
12 7 0 142
12 8 0 223
12 9 0 207
12 10 0 192
12 11 1 251
12 12 0 208
12 13 0 229
12 14 1 253
12 16 0 260
12 15 0 245
12 18 0 266
12 17 1 250
12 20 0 230
12 19 0 264
12 21 0 271
13 0 0 95
13 1 0 137
13 2 1 95
13 3 0 134
13 4 0 165
13 5 0 203
13 6 1 234
13 7 0 343
13 8 2 155
13 9 0 145
13 10 1 321
13 11 0 302
13 12 0 242
13 13 2 430
13 14 0 195
13 16 2 394
13 15 1 370
13 18 1 441
13 17 1 406
13 20 0 438
13 19 0 389
13 21 0 444
14 0 0 110
14 1 2 423
14 2 0 125
14 3 0 110
14 4 0 129
14 5 2 150
14 6 0 213
14 7 0 189
14 8 2 232
14 9 0 408
14 10 2 429
14 11 0 372
14 12 0 464
14 13 0 517
14 14 1 446
14 16 0 494
14 15 0 458
14 18 2 465
14 17 2 438
14 20 0 522
14 19 1 509
14 21 0 524
15 0 0 146
15 1 0 241
15 2 0 146
15 3 0 221
15 4 0 390
15 5 2 341
15 6 2 178
15 7 0 391
15 8 1 549
15 9 2 331
15 10 1 471
15 11 0 491
15 12 2 525
15 13 1 505
15 14 0 571
15 16 1 563
15 15 0 534
15 18 0 569
15 17 0 556
15 20 0 573
15 19 0 559
15 21 0 576
16 0 0 120
16 1 0 134
16 2 0 126
16 3 0 120
16 4 0 214
16 5 0 202
16 6 0 236
16 7 0 459
16 8 0 453
16 9 1 473
16 10 0 489
16 11 2 393
16 12 1 445
16 13 1 476
16 14 0 486
16 16 2 463
16 15 0 495
16 18 0 496
16 17 0 479
16 20 1 501
16 19 2 484
16 21 0 502
17 0 0 243
17 1 2 394
17 2 1 378
17 3 1 243
17 4 1 465
17 5 0 426
17 6 0 453
17 7 0 461
17 8 1 466
17 9 0 485
17 10 0 469
17 11 0 475
17 12 1 472
17 13 0 428
17 14 0 483
17 16 0 487
17 15 1 481
17 18 0 502
17 17 0 480
17 20 0 488
17 19 0 495
17 21 0 505
18 0 0 181
18 1 0 308
18 2 2 181
18 3 1 312
18 4 2 185
18 5 0 211
18 6 2 316
18 7 0 190
18 8 2 330
18 9 1 395
18 10 1 416
18 11 2 444
18 12 2 356
18 13 2 413
18 14 2 347
18 16 1 453
18 15 1 460
18 18 2 452
18 17 2 427
18 20 0 464
18 19 2 455
18 21 0 468
19 0 0 316
19 1 1 316
19 2 0 483
19 3 2 366
19 4 0 511
19 5 0 475
19 6 0 517
19 7 1 411
19 8 0 486
19 9 0 531
19 10 0 539
19 11 1 523
19 12 0 529
19 13 0 547
19 14 2 532
19 16 0 543
19 15 2 532
19 18 0 582
19 17 0 577
19 20 1 580
19 19 1 512
19 21 0 591
