0 0 0 1
0 1 2 19
0 2 0 1
0 3 0 4
0 4 2 97
0 5 0 48
0 6 0 30
0 7 0 33
0 8 0 30
0 9 0 78
0 10 0 56
0 11 0 71
0 12 1 120
0 13 2 70
0 14 0 73
0 16 0 116
0 15 0 79
0 18 0 125
0 17 1 102
0 20 2 97
0 19 0 128
0 21 0 133
1 0 0 3
1 1 0 3
1 2 0 8
1 3 0 13
1 4 2 18
1 5 0 11
1 6 0 43
1 7 0 27
1 8 0 35
1 9 0 88
1 10 0 95
1 11 2 92
1 12 0 17
1 13 2 62
1 14 0 122
1 16 0 185
1 15 1 108
1 18 0 125
1 17 0 159
1 20 2 309
1 19 1 191
1 21 0 315
2 0 0 5
2 1 0 502
2 2 0 5
2 3 0 25
2 4 0 38
2 5 0 40
2 6 0 507
2 7 1 431
2 8 0 526
2 9 0 524
2 10 1 51
2 11 0 497
2 12 1 202
2 13 1 547
2 14 2 553
2 16 2 539
2 15 0 536
2 18 2 564
2 17 0 559
2 20 2 563
2 19 0 566
2 21 0 573
3 0 0 29
3 1 0 31
3 2 1 29
3 3 1 71
3 4 1 43
3 5 0 197
3 6 0 84
3 7 1 59
3 8 0 237
3 9 0 239
3 10 0 50
3 11 0 268
3 12 2 280
3 13 2 292
3 14 2 302
3 16 2 295
3 15 1 136
3 18 1 315
3 17 0 63
3 20 0 309
3 19 0 105
3 21 0 319
4 0 0 20
4 1 0 67
4 2 0 20
4 3 0 44
4 4 1 59
4 5 0 74
4 6 0 94
4 7 0 135
4 8 2 99
4 9 1 141
4 10 0 157
4 11 0 80
4 12 0 166
4 13 0 213
4 14 0 152
4 16 0 93
4 15 0 222
4 18 1 275
4 17 0 225
4 20 0 286
4 19 0 233
4 21 0 292
5 0 0 47
5 1 0 500
5 2 0 47
5 3 0 394
5 4 0 142
5 5 0 492
5 6 0 503
5 7 1 504
5 8 1 517
5 9 0 515
5 10 0 545
5 11 2 508
5 12 0 515
5 13 2 551
5 14 0 540
5 16 0 578
5 15 0 554
5 18 0 581
5 17 0 577
5 20 1 582
5 19 1 563
5 21 0 590
6 0 0 48
6 1 2 108
6 2 0 48
6 3 0 137
6 4 0 86
6 5 0 87
6 6 0 117
6 7 0 128
6 8 2 89
6 9 0 171
6 10 0 185
6 11 0 136
6 12 0 131
6 13 2 188
6 14 2 455
6 16 0 362
6 15 0 261
6 18 0 465
6 17 0 271
6 20 2 335
6 19 0 213
6 21 0 468
7 0 0 45
7 1 2 106
7 2 0 45
7 3 0 310
7 4 1 159
7 5 0 315
7 6 0 49
7 7 2 175
7 8 0 389
7 9 0 351
7 10 0 133
7 11 0 407
7 12 2 382
7 13 0 402
7 14 1 394
7 16 0 235
7 15 2 329
7 18 0 449
7 17 0 412
7 20 1 423
7 19 2 450
7 21 0 460
8 0 0 53
8 1 0 360
8 2 1 53
8 3 2 237
8 4 1 162
8 5 0 326
8 6 1 261
8 7 0 226
8 8 0 349
8 9 0 359
8 10 0 399
8 11 1 420
8 12 0 367
8 13 1 381
8 14 0 387
8 16 0 437
8 15 2 415
8 18 1 422
8 17 0 393
8 20 1 429
8 19 0 439
8 21 0 440
9 0 0 78
9 1 0 189
9 2 1 305
9 3 0 78
9 4 2 145
9 5 2 109
9 6 2 249
9 7 2 263
9 8 0 269
9 9 2 331
9 10 1 340
9 11 0 336
9 12 0 357
9 13 0 250
9 14 2 342
9 16 1 360
9 15 1 356
9 18 1 363
9 17 0 354
9 20 1 366
9 19 0 362
9 21 0 371
10 0 0 85
10 1 0 149
10 2 0 163
10 3 2 85
10 4 0 253
10 5 0 173
10 6 0 207
10 7 0 300
10 8 0 182
10 9 0 440
10 10 1 311
10 11 0 215
10 12 0 187
10 13 0 231
10 14 0 383
10 16 1 339
10 15 0 329
10 18 0 444
10 17 0 408
10 20 2 432
10 19 2 319
10 21 0 445
11 0 0 102
11 1 1 210
11 2 0 132
11 3 2 102
11 4 2 242
11 5 1 131
11 6 2 217
11 7 0 151
11 8 1 340
11 9 0 263
11 10 2 173
11 11 0 224
11 12 2 266
11 13 0 293
11 14 0 237
11 16 1 271
11 15 2 332
11 18 0 355
11 17 0 348
11 20 0 352
11 19 1 337
11 21 0 356
12 0 0 85
12 1 0 85
12 2 0 129
12 3 0 134
12 4 1 197
12 5 2 227
12 6 0 171
12 7 2 279
12 8 0 266
12 9 0 193
12 10 0 277
12 11 0 281
12 12 0 226
12 13 1 263
12 14 0 242
12 16 0 292
12 15 0 281
12 18 0 304
12 17 1 287
12 20 0 290
12 19 0 298
12 21 0 309
13 0 0 97
13 1 0 119
13 2 2 97
13 3 0 150
13 4 0 168
13 5 0 195
13 6 1 270
13 7 1 294
13 8 2 203
13 9 0 140
13 10 0 271
13 11 1 228
13 12 0 445
13 13 1 316
13 14 0 176
13 16 0 372
13 15 1 240
13 18 0 447
13 17 1 386
13 20 0 421
13 19 0 330
13 21 0 450
14 0 0 137
14 1 1 466
14 2 0 137
14 3 2 144
14 4 0 317
14 5 1 158
14 6 0 330
14 7 0 335
14 8 2 403
14 9 0 376
14 10 0 430
14 11 2 201
14 12 0 439
14 13 1 488
14 14 0 450
14 16 1 484
14 15 0 494
14 18 0 432
14 17 2 413
14 20 1 500
14 19 0 489
14 21 0 502
15 0 0 136
15 1 0 172
15 2 0 136
15 3 0 194
15 4 1 208
15 5 0 197
15 6 1 188
15 7 0 204
15 8 2 341
15 9 2 212
15 10 0 220
15 11 1 394
15 12 0 370
15 13 1 255
15 14 0 378
15 16 2 399
15 15 0 381
15 18 0 418
15 17 0 380
15 20 0 410
15 19 0 414
15 21 0 420
16 0 0 150
16 1 0 232
16 2 1 150
16 3 0 421
16 4 0 389
16 5 0 188
16 6 0 366
16 7 0 389
16 8 0 395
16 9 1 458
16 10 0 471
16 11 1 247
16 12 2 422
16 13 0 373
16 14 0 468
16 16 2 454
16 15 0 472
16 18 0 477
16 17 1 473
16 20 0 479
16 19 1 473
16 21 0 481
17 0 0 304
17 1 0 304
17 2 1 413
17 3 0 481
17 4 1 508
17 5 0 505
17 6 0 514
17 7 2 519
17 8 1 510
17 9 0 527
17 10 1 511
17 11 0 523
17 12 1 518
17 13 0 527
17 14 0 529
17 16 0 532
17 15 1 529
17 18 0 537
17 17 0 532
17 20 0 537
17 19 0 535
17 21 0 545
18 0 0 258
18 1 0 279
18 2 2 258
18 3 1 376
18 4 2 362
18 5 0 409
18 6 1 373
18 7 0 409
18 8 0 331
18 9 1 422
18 10 0 460
18 11 2 462
18 12 2 463
18 13 2 450
18 14 2 433
18 16 2 480
18 15 1 480
18 18 2 488
18 17 2 463
18 20 0 488
18 19 2 492
18 21 0 500
19 0 0 238
19 1 0 238
19 2 0 256
19 3 2 341
19 4 0 517
19 5 0 483
19 6 0 523
19 7 1 428
19 8 1 508
19 9 0 524
19 10 1 547
19 11 2 501
19 12 0 520
19 13 0 555
19 14 2 538
19 16 0 555
19 15 0 542
19 18 0 570
19 17 2 547
19 20 1 573
19 19 1 413
19 21 0 579
