0 0 0 0
0 1 2 18
0 2 0 0
0 3 0 0
0 4 2 41
0 5 0 30
0 6 0 35
0 7 0 36
0 8 1 28
0 9 0 55
0 10 0 28
0 11 0 60
0 12 0 56
0 13 2 50
0 14 0 44
0 16 0 50
0 15 0 39
0 18 0 63
0 17 0 62
0 20 1 65
0 19 0 69
0 21 0 74
1 0 0 11
1 1 0 14
1 2 0 11
1 3 0 65
1 4 0 86
1 5 0 15
1 6 1 246
1 7 0 151
1 8 2 17
1 9 2 413
1 10 0 251
1 11 2 70
1 12 0 108
1 13 2 286
1 14 0 279
1 16 0 440
1 15 1 368
1 18 0 471
1 17 0 466
1 20 1 454
1 19 1 469
1 21 0 474
2 0 0 4
2 1 0 9
2 2 0 4
2 3 0 142
2 4 0 7
2 5 1 72
2 6 0 302
2 7 2 131
2 8 1 498
2 9 0 509
2 10 1 178
2 11 0 538
2 12 1 43
2 13 2 518
2 14 2 525
2 16 0 528
2 15 0 524
2 18 0 546
2 17 0 533
2 20 2 542
2 19 0 548
2 21 0 552
3 0 0 18
3 1 1 18
3 2 0 30
3 3 1 40
3 4 1 34
3 5 0 32
3 6 0 45
3 7 0 35
3 8 0 76
3 9 0 37
3 10 0 35
3 11 0 69
3 12 0 80
3 13 2 43
3 14 2 49
3 16 0 82
3 15 0 51
3 18 0 84
3 17 0 39
3 20 1 86
3 19 1 56
3 21 0 88
4 0 0 23
4 1 0 155
4 2 0 93
4 3 1 23
4 4 0 103
4 5 0 99
4 6 0 141
4 7 0 299
4 8 2 179
4 9 1 202
4 10 0 164
4 11 0 60
4 12 0 228
4 13 0 305
4 14 0 337
4 16 0 112
4 15 1 242
4 18 1 326
4 17 0 304
4 20 0 330
4 19 0 342
4 21 0 346
5 0 0 55
5 1 0 377
5 2 0 55
5 3 1 91
5 4 0 92
5 5 0 361
5 6 0 393
5 7 1 106
5 8 0 366
5 9 0 134
5 10 0 418
5 11 2 380
5 12 0 386
5 13 0 448
5 14 2 431
5 16 0 447
5 15 0 407
5 18 0 474
5 17 2 466
5 20 0 452
5 19 1 384
5 21 0 483
6 0 0 37
6 1 2 63
6 2 0 37
6 3 0 200
6 4 2 101
6 5 0 142
6 6 0 247
6 7 0 138
6 8 1 260
6 9 0 167
6 10 0 107
6 11 1 321
6 12 1 317
6 13 0 335
6 14 1 377
6 16 1 360
6 15 0 283
6 18 0 387
6 17 2 377
6 20 0 386
6 19 0 380
6 21 0 390
7 0 0 43
7 1 0 47
7 2 0 43
7 3 1 53
7 4 1 88
7 5 0 71
7 6 0 58
7 7 2 105
7 8 0 115
7 9 0 80
7 10 0 89
7 11 0 175
7 12 0 124
7 13 0 125
7 14 0 137
7 16 0 114
7 15 0 138
7 18 0 188
7 17 0 144
7 20 0 207
7 19 2 216
7 21 0 226
8 0 0 77
8 1 0 395
8 2 0 312
8 3 1 77
8 4 1 414
8 5 0 309
8 6 0 191
8 7 1 353
8 8 0 325
8 9 2 389
8 10 0 169
8 11 0 438
8 12 2 328
8 13 1 458
8 14 0 430
8 16 0 451
8 15 2 446
8 18 0 483
8 17 0 444
8 20 1 480
8 19 0 489
8 21 0 490
9 0 0 113
9 1 0 186
9 2 1 179
9 3 0 113
9 4 2 260
9 5 2 246
9 6 1 162
9 7 2 364
9 8 0 315
9 9 2 386
9 10 2 317
9 11 0 388
9 12 0 336
9 13 1 365
9 14 0 366
9 16 1 412
9 15 1 390
9 18 2 430
9 17 0 397
9 20 0 425
9 19 0 405
9 21 0 438
10 0 0 77
10 1 0 110
10 2 0 77
10 3 2 195
10 4 0 249
10 5 1 238
10 6 0 253
10 7 0 169
10 8 0 197
10 9 0 295
10 10 1 346
10 11 0 273
10 12 0 272
10 13 0 192
10 14 0 300
10 16 1 236
10 15 0 282
10 18 0 316
10 17 0 308
10 20 2 294
10 19 2 351
10 21 0 361
11 0 0 76
11 1 0 145
11 2 0 76
11 3 2 128
11 4 1 269
11 5 1 220
11 6 2 195
11 7 0 203
11 8 0 398
11 9 0 396
11 10 2 245
11 11 1 264
11 12 0 314
11 13 1 361
11 14 0 357
11 16 1 400
11 15 2 383
11 18 0 404
11 17 0 399
11 20 0 408
11 19 1 405
11 21 0 412
12 0 0 119
12 1 0 122
12 2 0 119
12 3 0 128
12 4 0 120
12 5 2 178
12 6 0 194
12 7 0 145
12 8 0 195
12 9 0 176
12 10 0 205
12 11 0 260
12 12 0 177
12 13 0 218
12 14 0 221
12 16 0 231
12 15 0 228
12 18 0 282
12 17 1 241
12 20 0 221
12 19 2 255
12 21 0 287
13 0 0 114
13 1 0 114
13 2 2 117
13 3 0 115
13 4 0 159
13 5 0 277
13 6 0 168
13 7 1 254
13 8 0 226
13 9 0 125
13 10 1 265
13 11 1 309
13 12 0 460
13 13 0 422
13 14 0 210
13 16 0 406
13 15 1 285
13 18 1 462
13 17 0 445
13 20 0 443
13 19 1 306
13 21 0 465
14 0 0 162
14 1 0 475
14 2 0 162
14 3 0 264
14 4 0 419
14 5 2 169
14 6 0 442
14 7 0 442
14 8 1 447
14 9 0 232
14 10 1 366
14 11 2 394
14 12 2 394
14 13 1 492
14 14 1 480
14 16 0 490
14 15 0 485
14 18 0 474
14 17 2 462
14 20 0 498
14 19 0 493
14 21 0 500
15 0 0 150
15 1 0 303
15 2 0 150
15 3 0 230
15 4 0 554
15 5 2 511
15 6 2 530
15 7 0 553
15 8 2 556
15 9 2 500
15 10 0 563
15 11 0 564
15 12 1 556
15 13 2 569
15 14 2 566
15 16 0 578
15 15 0 568
15 18 0 584
15 17 0 586
15 20 0 587
15 19 0 590
15 21 0 594
16 0 0 187
16 1 0 244
16 2 1 187
16 3 0 229
16 4 2 216
16 5 0 232
16 6 0 241
16 7 0 362
16 8 0 369
16 9 1 371
16 10 0 394
16 11 1 217
16 12 0 378
16 13 1 322
16 14 0 398
16 16 2 330
16 15 2 411
16 18 1 422
16 17 0 378
16 20 1 421
16 19 0 412
16 21 0 431
17 0 0 126
17 1 0 126
17 2 1 340
17 3 0 287
17 4 1 426
17 5 0 166
17 6 0 407
17 7 0 422
17 8 1 479
17 9 2 492
17 10 0 235
17 11 0 432
17 12 0 447
17 13 0 438
17 14 1 480
17 16 0 503
17 15 1 488
17 18 0 506
17 17 0 495
17 20 0 505
17 19 0 498
17 21 0 508
18 0 0 127
18 1 2 127
18 2 2 140
18 3 1 173
18 4 2 144
18 5 1 173
18 6 1 148
18 7 2 234
18 8 2 187
18 9 1 288
18 10 0 147
18 11 1 320
18 12 2 305
18 13 2 315
18 14 2 254
18 16 1 305
18 15 0 323
18 18 2 350
18 17 2 340
18 20 0 346
18 19 2 350
18 21 0 358
19 0 0 132
19 1 0 410
19 2 0 447
19 3 2 132
19 4 0 453
19 5 0 416
19 6 1 511
19 7 1 422
19 8 0 500
19 9 0 483
19 10 0 522
19 11 1 433
19 12 0 438
19 13 0 526
19 14 0 511
19 16 0 529
19 15 0 450
19 18 0 537
19 17 2 516
19 20 1 542
19 19 1 486
19 21 0 546
