0 0 0 12
0 1 1 12
0 2 2 42
0 3 2 41
0 4 1 70
0 5 0 193
0 6 2 158
0 7 1 171
0 8 1 107
0 9 2 156
0 10 1 109
0 11 0 135
0 12 1 263
0 13 1 143
0 14 0 94
0 16 1 267
0 15 2 123
0 18 0 201
0 17 2 180
0 20 2 214
0 19 0 149
0 22 0 285
0 21 2 274
0 24 0 259
0 23 1 275
0 26 0 292
0 25 2 257
0 28 0 298
0 27 2 289
0 30 0 298
0 29 0 286
0 31 0 299
1 0 0 37
1 1 1 45
1 2 0 37
1 3 0 540
1 4 0 82
1 5 0 104
1 6 2 74
1 7 0 132
1 8 1 586
1 9 2 592
1 10 2 228
1 11 0 160
1 12 0 131
1 13 0 618
1 14 0 611
1 16 0 504
1 15 1 377
1 18 2 623
1 17 0 477
1 20 1 633
1 19 0 646
1 22 2 669
1 21 0 634
1 24 1 641
1 23 0 650
1 26 2 670
1 25 0 658
1 28 2 678
1 27 1 620
1 30 0 683
1 29 1 653
1 31 0 686
2 0 0 13
2 1 2 18
2 2 2 13
2 3 2 14
2 4 0 37
2 5 1 53
2 6 2 37
2 7 0 125
2 8 0 136
2 9 2 204
2 10 2 358
2 11 2 198
2 12 2 56
2 13 0 268
2 14 1 173
2 16 0 28
2 15 2 324
2 18 1 127
2 17 1 248
2 20 2 316
2 19 1 221
2 22 2 300
2 21 2 212
2 24 2 458
2 23 2 392
2 26 2 306
2 25 2 464
2 28 2 457
2 27 1 422
2 30 1 494
2 29 1 433
2 31 0 503
3 0 0 32
3 1 2 113
3 2 0 165
3 3 0 32
3 4 0 40
3 5 2 228
3 6 0 196
3 7 0 52
3 8 0 217
3 9 2 57
3 10 2 556
3 11 1 91
3 12 1 289
3 13 0 128
3 14 0 235
3 16 0 385
3 15 0 447
3 18 0 293
3 17 0 351
3 20 2 506
3 19 0 564
3 22 1 319
3 21 1 532
3 24 0 398
3 23 0 378
3 26 0 281
3 25 2 561
3 28 2 563
3 27 2 542
3 30 0 572
3 29 0 570
3 31 0 577
4 0 0 24
4 1 0 81
4 2 1 29
4 3 2 24
4 4 0 90
4 5 1 86
4 6 1 116
4 7 0 155
4 8 2 92
4 9 1 139
4 10 0 109
4 11 1 167
4 12 0 238
4 13 0 147
4 14 2 128
4 16 0 140
4 15 2 161
4 18 2 192
4 17 2 236
4 20 1 268
4 19 2 115
4 22 0 231
4 21 0 209
4 24 1 295
4 23 1 198
4 26 2 274
4 25 0 206
4 28 0 340
4 27 1 329
4 30 0 240
4 29 1 338
4 31 0 347
5 0 0 46
5 1 1 77
5 2 0 46
5 3 2 176
5 4 2 188
5 5 0 555
5 6 2 602
5 7 2 186
5 8 2 580
5 9 1 274
5 10 1 317
5 11 2 620
5 12 1 696
5 13 0 590
5 14 0 581
5 16 0 716
5 15 0 714
5 18 1 627
5 17 2 323
5 20 0 723
5 19 1 705
5 22 2 736
5 21 2 777
5 24 0 774
5 23 2 686
5 26 1 728
5 25 0 788
5 28 2 743
5 27 0 776
5 30 0 795
5 29 0 792
5 31 0 799
6 0 0 24
6 1 0 31
6 2 0 24
6 3 0 357
6 4 0 367
6 5 0 400
6 6 1 694
6 7 0 523
6 8 1 196
6 9 2 571
6 10 2 695
6 11 1 767
6 12 0 372
6 13 0 610
6 14 0 648
6 16 0 517
6 15 0 621
6 18 0 801
6 17 0 797
6 20 1 766
6 19 2 600
6 22 0 727
6 21 2 652
6 24 1 639
6 23 1 807
6 26 0 662
6 25 2 814
6 28 0 828
6 27 0 762
6 30 1 831
6 29 2 803
6 31 0 840
7 0 0 31
7 1 1 35
7 2 0 31
7 3 0 32
7 4 1 32
7 5 1 46
7 6 0 39
7 7 0 36
7 8 1 50
7 9 2 55
7 10 2 60
7 11 1 46
7 12 0 67
7 13 1 68
7 14 0 53
7 16 1 74
7 15 0 54
7 18 1 36
7 17 1 59
7 20 2 62
7 19 0 63
7 22 1 71
7 21 0 68
7 24 2 77
7 23 1 71
7 26 1 80
7 25 2 75
7 28 1 84
7 27 2 83
7 30 2 83
7 29 0 90
7 31 0 94
8 0 0 32
8 1 2 32
8 2 0 63
8 3 2 97
8 4 1 103
8 5 2 76
8 6 2 113
8 7 2 191
8 8 1 167
8 9 1 103
8 10 2 244
8 11 2 170
8 12 1 318
8 13 2 246
8 14 1 204
8 16 2 263
8 15 2 238
8 18 2 254
8 17 2 331
8 20 2 279
8 19 2 262
8 22 1 312
8 21 1 374
8 24 1 364
8 23 2 370
8 26 2 392
8 25 2 318
8 28 2 427
8 27 1 389
8 30 2 403
8 29 0 438
8 31 0 441
9 0 0 35
9 1 1 37
9 2 2 35
9 3 0 36
9 4 0 54
9 5 0 62
9 6 1 68
9 7 1 72
9 8 2 89
9 9 0 84
9 10 1 65
9 11 1 46
9 12 2 56
9 13 0 90
9 14 0 66
9 16 1 88
9 15 1 55
9 18 1 80
9 17 2 73
9 20 0 87
9 19 1 96
9 22 0 91
9 21 1 85
9 24 1 93
9 23 2 83
9 26 2 97
9 25 0 85
9 28 0 106
9 27 1 94
9 30 1 101
9 29 1 99
9 31 0 107
10 0 0 67
10 1 0 67
10 2 0 88
10 3 1 116
10 4 0 487
10 5 2 76
10 6 0 159
10 7 0 159
10 8 0 189
10 9 2 170
10 10 0 295
10 11 0 295
10 12 1 249
10 13 0 279
10 14 2 347
10 16 2 290
10 15 2 382
10 18 1 471
10 17 1 348
10 20 0 278
10 19 1 484
10 22 1 353
10 21 1 436
10 24 0 377
10 23 2 358
10 26 0 395
10 25 0 491
10 28 1 494
10 27 2 375
10 30 1 497
10 29 1 495
10 31 0 504
11 0 0 118
11 1 2 358
11 2 1 118
11 3 2 804
11 4 1 286
11 5 2 298
11 6 0 798
11 7 0 403
11 8 2 815
11 9 2 608
11 10 1 778
11 11 0 725
11 12 0 850
11 13 2 749
11 14 1 840
11 16 1 625
11 15 2 821
11 18 0 855
11 17 2 868
11 20 1 813
11 19 1 806
11 22 0 859
11 21 0 847
11 24 0 824
11 23 1 854
11 26 0 863
11 25 0 868
11 28 0 880
11 27 1 860
11 30 0 875
11 29 1 879
11 31 0 884
12 0 0 49
12 1 0 480
12 2 0 49
12 3 1 93
12 4 2 593
12 5 2 616
12 6 0 484
12 7 1 138
12 8 2 592
12 9 0 630
12 10 2 196
12 11 0 677
12 12 2 595
12 13 0 613
12 14 0 612
12 16 2 700
12 15 2 685
12 18 2 629
12 17 0 253
12 20 1 718
12 19 1 654
12 22 2 736
12 21 0 725
12 24 2 751
12 23 2 687
12 26 0 733
12 25 0 747
12 28 2 689
12 27 2 749
12 30 0 760
12 29 0 762
12 31 0 766
13 0 0 99
13 1 0 146
13 2 1 99
13 3 1 105
13 4 0 110
13 5 0 203
13 6 2 230
13 7 0 577
13 8 0 242
13 9 0 148
13 10 0 474
13 11 2 736
13 12 0 884
13 13 1 737
13 14 0 497
13 16 0 375
13 15 0 878
13 18 1 787
13 17 2 896
13 20 0 518
13 19 2 640
13 22 1 900
13 21 0 866
13 24 0 904
13 23 0 892
13 26 0 916
13 25 2 905
13 28 0 631
13 27 0 921
13 30 0 920
13 29 0 923
13 31 0 929
14 0 0 61
14 1 2 61
14 2 0 145
14 3 0 126
14 4 2 164
14 5 1 118
14 6 1 116
14 7 2 211
14 8 2 171
14 9 0 79
14 10 2 151
14 11 0 110
14 12 0 158
14 13 0 178
14 14 2 236
14 16 2 166
14 15 2 212
14 18 2 203
14 17 0 252
14 20 0 261
14 19 0 158
14 22 2 242
14 21 0 226
14 24 0 273
14 23 1 221
14 26 2 284
14 25 2 274
14 28 1 272
14 27 0 248
14 30 2 251
14 29 1 291
14 31 0 293
15 0 0 53
15 1 2 53
15 2 0 56
15 3 1 68
15 4 2 70
15 5 0 87
15 6 1 147
15 7 2 63
15 8 2 92
15 9 2 89
15 10 2 102
15 11 2 91
15 12 0 104
15 13 0 170
15 14 0 175
15 16 1 175
15 15 0 75
15 18 0 94
15 17 1 97
15 20 1 119
15 19 1 107
15 22 0 123
15 21 1 107
15 24 0 139
15 23 0 132
15 26 1 152
15 25 2 176
15 28 2 158
15 27 2 146
15 30 1 179
15 29 0 185
15 31 0 187
16 0 0 71
16 1 0 108
16 2 0 71
16 3 0 96
16 4 0 128
16 5 2 321
16 6 1 252
16 7 0 350
16 8 1 186
16 9 1 317
16 10 0 349
16 11 0 369
16 12 0 353
16 13 1 138
16 14 0 152
16 16 0 355
16 15 2 380
16 18 2 365
16 17 0 222
16 20 0 370
16 19 1 360
16 22 2 424
16 21 0 419
16 24 2 386
16 23 2 383
16 26 0 432
16 25 0 270
16 28 2 435
16 27 0 412
16 30 0 442
16 29 1 406
16 31 0 443
17 0 0 68
17 1 2 68
17 2 2 208
17 3 0 126
17 4 0 227
17 5 0 308
17 6 0 238
17 7 1 276
17 8 0 347
17 9 2 464
17 10 2 99
17 11 0 456
17 12 0 495
17 13 0 491
17 14 1 444
17 16 2 521
17 15 1 502
17 18 2 535
17 17 0 461
17 20 0 478
17 19 2 458
17 22 2 547
17 21 1 482
17 24 0 529
17 23 2 451
17 26 0 507
17 25 1 541
17 28 0 556
17 27 1 510
17 30 0 545
17 29 2 546
17 31 0 557
18 0 0 64
18 1 0 85
18 2 1 64
18 3 2 185
18 4 0 294
18 5 0 366
18 6 0 147
18 7 0 83
18 8 0 245
18 9 1 412
18 10 2 175
18 11 0 396
18 12 2 450
18 13 0 445
18 14 0 455
18 16 0 451
18 15 0 506
18 18 0 550
18 17 0 526
18 20 0 441
18 19 0 310
18 22 2 465
18 21 0 509
18 24 0 525
18 23 1 523
18 26 0 512
18 25 0 548
18 28 1 526
18 27 0 538
18 30 0 557
18 29 2 557
18 31 0 561
19 0 0 68
19 1 0 77
19 2 2 68
19 3 2 166
19 4 1 109
19 5 1 81
19 6 2 115
19 7 0 98
19 8 2 104
19 9 2 132
19 10 2 183
19 11 2 237
19 12 2 158
19 13 2 137
19 14 0 270
19 16 2 244
19 15 1 177
19 18 1 221
19 17 2 145
19 20 2 169
19 19 2 272
19 22 2 263
19 21 2 189
19 24 0 291
19 23 1 241
19 26 0 333
19 25 0 179
19 28 1 340
19 27 2 195
19 30 0 271
19 29 1 320
19 31 0 341
