0 0 0 2
0 1 0 4
0 2 0 2
0 3 2 49
0 4 1 14
0 5 0 161
0 6 2 52
0 7 1 64
0 8 1 4
0 9 2 21
0 10 0 6
0 11 0 47
0 12 0 8
0 13 1 82
0 14 0 79
0 16 1 49
0 15 2 24
0 18 1 93
0 17 2 134
0 20 2 105
0 19 1 54
0 22 2 164
0 21 2 106
0 24 2 85
0 23 1 169
0 26 0 185
0 25 1 189
0 28 1 217
0 27 2 196
0 30 2 208
0 29 0 220
0 31 0 222
1 0 0 13
1 1 0 13
1 2 0 22
1 3 0 366
1 4 0 58
1 5 0 64
1 6 2 30
1 7 0 54
1 8 0 202
1 9 2 368
1 10 1 136
1 11 0 16
1 12 0 105
1 13 0 210
1 14 0 193
1 16 0 242
1 15 0 202
1 18 0 109
1 17 0 426
1 20 2 520
1 19 0 239
1 22 0 301
1 21 0 495
1 24 0 199
1 23 1 545
1 26 0 557
1 25 1 529
1 28 2 555
1 27 1 511
1 30 2 558
1 29 0 526
1 31 0 564
2 0 0 29
2 1 2 37
2 2 1 30
2 3 0 29
2 4 0 61
2 5 1 153
2 6 0 38
2 7 0 152
2 8 0 86
2 9 0 122
2 10 0 253
2 11 2 245
2 12 2 64
2 13 2 409
2 14 1 126
2 16 0 51
2 15 2 71
2 18 1 267
2 17 0 241
2 20 2 277
2 19 1 174
2 22 2 564
2 21 2 161
2 24 2 582
2 23 2 256
2 26 2 499
2 25 2 588
2 28 2 583
2 27 0 311
2 30 1 600
2 29 1 603
2 31 0 609
3 0 0 21
3 1 2 37
3 2 0 24
3 3 0 21
3 4 1 48
3 5 2 285
3 6 0 109
3 7 0 95
3 8 2 256
3 9 0 263
3 10 2 457
3 11 1 110
3 12 1 291
3 13 1 467
3 14 0 68
3 16 0 347
3 15 0 328
3 18 1 367
3 17 0 424
3 20 2 393
3 19 0 445
3 22 1 413
3 21 0 381
3 24 0 437
3 23 0 439
3 26 0 306
3 25 0 483
3 28 2 472
3 27 2 467
3 30 0 489
3 29 0 479
3 31 0 494
4 0 0 37
4 1 0 37
4 2 1 38
4 3 2 40
4 4 0 121
4 5 0 83
4 6 2 71
4 7 0 58
4 8 1 212
4 9 1 173
4 10 0 65
4 11 2 99
4 12 2 133
4 13 2 115
4 14 2 80
4 16 0 166
4 15 2 123
4 18 2 191
4 17 2 179
4 20 1 209
4 19 2 162
4 22 0 206
4 21 0 240
4 24 1 214
4 23 1 219
4 26 0 178
4 25 0 224
4 28 2 242
4 27 0 230
4 30 2 233
4 29 0 234
4 31 0 251
5 0 0 153
5 1 0 194
5 2 0 153
5 3 0 321
5 4 1 333
5 5 0 398
5 6 2 374
5 7 2 335
5 8 2 467
5 9 0 355
5 10 1 381
5 11 2 697
5 12 2 701
5 13 2 765
5 14 0 455
5 16 0 775
5 15 2 720
5 18 2 772
5 17 0 460
5 20 0 771
5 19 2 777
5 22 2 712
5 21 2 785
5 24 1 788
5 23 1 481
5 26 0 485
5 25 1 795
5 28 1 779
5 27 2 759
5 30 2 796
5 29 0 801
5 31 0 808
6 0 0 102
6 1 0 148
6 2 0 141
6 3 0 102
6 4 0 145
6 5 0 171
6 6 0 632
6 7 0 193
6 8 0 174
6 9 2 174
6 10 2 593
6 11 0 224
6 12 0 319
6 13 0 519
6 14 0 640
6 16 0 400
6 15 1 521
6 18 0 637
6 17 0 625
6 20 0 639
6 19 2 445
6 22 1 618
6 21 2 501
6 24 1 642
6 23 1 644
6 26 0 509
6 25 1 647
6 28 0 673
6 27 1 631
6 30 2 670
6 29 0 664
6 31 0 680
7 0 0 33
7 1 1 48
7 2 0 33
7 3 0 34
7 4 1 36
7 5 1 46
7 6 0 64
7 7 0 63
7 8 1 76
7 9 2 67
7 10 2 88
7 11 0 51
7 12 0 100
7 13 1 94
7 14 1 66
7 16 1 102
7 15 2 77
7 18 1 61
7 17 2 57
7 20 1 87
7 19 0 117
7 22 1 99
7 21 0 97
7 24 2 105
7 23 0 118
7 26 2 107
7 25 2 101
7 28 1 112
7 27 2 111
7 30 1 119
7 29 0 120
7 31 0 125
8 0 0 69
8 1 2 69
8 2 0 138
8 3 2 91
8 4 1 200
8 5 2 79
8 6 2 401
8 7 2 142
8 8 1 164
8 9 1 240
8 10 2 209
8 11 2 331
8 12 1 236
8 13 2 356
8 14 1 309
8 16 0 165
8 15 2 117
8 18 2 190
8 17 2 300
8 20 2 280
8 19 2 361
8 22 1 369
8 21 0 403
8 24 1 469
8 23 2 442
8 26 1 442
8 25 2 417
8 28 2 498
8 27 2 487
8 30 2 508
8 29 2 516
8 31 0 526
9 0 0 62
9 1 1 62
9 2 2 70
9 3 0 121
9 4 0 118
9 5 0 127
9 6 2 207
9 7 1 219
9 8 0 280
9 9 0 272
9 10 1 166
9 11 2 132
9 12 2 113
9 13 0 255
9 14 0 142
9 16 1 246
9 15 1 171
9 18 1 154
9 17 2 187
9 20 0 273
9 19 1 241
9 22 0 257
9 21 1 271
9 24 2 265
9 23 2 240
9 26 2 278
9 25 2 250
9 28 0 287
9 27 1 278
9 30 1 281
9 29 1 283
9 31 0 289
10 0 0 46
10 1 0 46
10 2 2 102
10 3 2 143
10 4 0 427
10 5 2 151
10 6 0 240
10 7 1 191
10 8 0 116
10 9 2 216
10 10 0 141
10 11 0 352
10 12 1 277
10 13 0 291
10 14 2 371
10 16 1 326
10 15 2 352
10 18 1 416
10 17 1 211
10 20 0 243
10 19 1 422
10 22 0 333
10 21 1 387
10 24 0 275
10 23 2 304
10 26 0 418
10 25 0 431
10 28 1 433
10 27 2 391
10 30 0 435
10 29 1 435
10 31 0 444
11 0 0 44
11 1 2 338
11 2 1 44
11 3 2 161
11 4 0 98
11 5 1 268
11 6 0 710
11 7 0 431
11 8 2 710
11 9 1 675
11 10 0 706
11 11 1 507
11 12 0 384
11 13 2 615
11 14 0 730
11 16 2 684
11 15 2 694
11 18 2 719
11 17 1 732
11 20 1 725
11 19 2 712
11 22 0 735
11 21 0 745
11 24 0 738
11 23 2 722
11 26 1 748
11 25 0 747
11 28 0 752
11 27 1 736
11 30 0 756
11 29 2 748
11 31 0 759
12 0 0 95
12 1 0 103
12 2 0 106
12 3 1 95
12 4 2 338
12 5 2 359
12 6 0 434
12 7 2 111
12 8 2 373
12 9 2 542
12 10 1 142
12 11 2 562
12 12 0 614
12 13 0 497
12 14 1 200
12 16 2 435
12 15 0 583
12 18 2 323
12 17 0 185
12 20 2 623
12 19 0 572
12 22 0 654
12 21 0 644
12 24 0 394
12 23 2 622
12 26 0 571
12 25 0 657
12 28 2 655
12 27 0 659
12 30 0 635
12 29 2 664
12 31 0 673
13 0 0 71
13 1 1 274
13 2 1 71
13 3 0 81
13 4 0 101
13 5 0 159
13 6 0 332
13 7 0 661
13 8 0 204
13 9 0 149
13 10 0 498
13 11 0 645
13 12 2 622
13 13 1 609
13 14 0 233
13 16 0 348
13 15 0 681
13 18 1 478
13 17 2 682
13 20 0 387
13 19 2 580
13 22 0 553
13 21 0 551
13 24 0 608
13 23 0 692
13 26 0 687
13 25 0 529
13 28 1 687
13 27 0 690
13 30 0 693
13 29 2 692
13 31 0 700
14 0 0 72
14 1 2 72
14 2 0 85
14 3 0 153
14 4 2 137
14 5 0 112
14 6 2 132
14 7 2 101
14 8 1 117
14 9 0 109
14 10 2 167
14 11 0 317
14 12 1 158
14 13 1 159
14 14 2 218
14 16 2 124
14 15 2 208
14 18 2 205
14 17 1 327
14 20 0 304
14 19 0 275
14 22 0 279
14 21 1 242
14 24 0 289
14 23 1 226
14 26 2 323
14 25 2 313
14 28 0 335
14 27 0 304
14 30 2 284
14 29 1 344
14 31 0 346
15 0 0 55
15 1 2 55
15 2 1 63
15 3 0 58
15 4 0 81
15 5 2 65
15 6 1 101
15 7 2 72
15 8 0 87
15 9 1 89
15 10 2 106
15 11 2 84
15 12 0 109
15 13 0 126
15 14 1 131
15 16 1 132
15 15 0 84
15 18 0 92
15 17 1 88
15 20 1 123
15 19 1 95
15 22 0 139
15 21 1 124
15 24 1 140
15 23 1 116
15 26 1 134
15 25 2 138
15 28 2 141
15 27 2 130
15 30 0 142
15 29 0 147
15 31 0 149
16 0 0 59
16 1 0 61
16 2 0 260
16 3 0 59
16 4 0 97
16 5 1 136
16 6 1 101
16 7 0 147
16 8 1 99
16 9 1 179
16 10 0 231
16 11 0 273
16 12 0 212
16 13 0 115
16 14 0 131
16 16 0 222
16 15 2 263
16 18 2 276
16 17 1 214
16 20 0 208
16 19 1 224
16 22 0 406
16 21 0 406
16 24 1 290
16 23 0 266
16 26 1 415
16 25 0 155
16 28 2 452
16 27 1 418
16 30 0 451
16 29 1 283
16 31 0 460
17 0 0 118
17 1 0 118
17 2 1 214
17 3 0 232
17 4 0 158
17 5 0 331
17 6 0 195
17 7 2 269
17 8 0 237
17 9 2 212
17 10 2 314
17 11 0 251
17 12 0 379
17 13 0 298
17 14 2 474
17 16 1 525
17 15 1 181
17 18 2 503
17 17 1 337
17 20 0 392
17 19 2 464
17 22 2 372
17 21 0 265
17 24 0 538
17 23 2 499
17 26 0 535
17 25 1 594
17 28 0 540
17 27 2 586
17 30 0 598
17 29 2 541
17 31 0 600
18 0 0 75
18 1 0 75
18 2 1 88
18 3 1 80
18 4 2 185
18 5 0 452
18 6 0 96
18 7 0 207
18 8 0 369
18 9 1 224
18 10 0 256
18 11 0 471
18 12 0 453
18 13 0 556
18 14 0 558
18 16 0 516
18 15 0 508
18 18 2 575
18 17 0 580
18 20 0 477
18 19 0 277
18 22 1 347
18 21 0 494
18 24 0 541
18 23 0 537
18 26 0 482
18 25 0 577
18 28 1 600
18 27 0 560
18 30 0 608
18 29 0 574
18 31 0 612
19 0 0 73
19 1 0 111
19 2 2 73
19 3 2 122
19 4 1 122
19 5 0 132
19 6 0 141
19 7 0 160
19 8 1 122
19 9 2 185
19 10 2 206
19 11 2 276
19 12 2 138
19 13 2 210
19 14 1 283
19 16 0 187
19 15 1 174
19 18 1 244
19 17 2 174
19 20 2 214
19 19 2 344
19 22 2 226
19 21 0 274
19 24 0 335
19 23 2 280
19 26 0 359
19 25 1 311
19 28 1 366
19 27 1 272
19 30 2 303
19 29 1 344
19 31 0 367
