0 0 0 1
0 1 0 8
0 2 2 1
0 3 1 16
0 4 0 9
0 5 0 169
0 6 2 69
0 7 1 77
0 8 0 13
0 9 2 31
0 10 1 40
0 11 0 47
0 12 0 120
0 13 1 100
0 14 0 43
0 16 1 131
0 15 0 28
0 18 2 133
0 17 2 112
0 20 0 169
0 19 2 90
0 22 0 161
0 21 0 139
0 24 2 116
0 23 1 160
0 26 0 154
0 25 1 187
0 28 1 186
0 27 2 167
0 30 0 198
0 29 0 198
0 31 0 200
1 0 0 13
1 1 1 13
1 2 1 72
1 3 1 541
1 4 0 163
1 5 1 214
1 6 2 90
1 7 0 153
1 8 0 36
1 9 2 46
1 10 0 311
1 11 0 40
1 12 0 157
1 13 0 472
1 14 0 541
1 16 0 497
1 15 1 332
1 18 1 586
1 17 0 378
1 20 2 566
1 19 0 620
1 22 0 670
1 21 0 607
1 24 0 664
1 23 0 589
1 26 0 605
1 25 0 668
1 28 0 672
1 27 2 553
1 30 0 667
1 29 2 609
1 31 0 677
2 0 0 14
2 1 2 14
2 2 2 18
2 3 2 14
2 4 0 25
2 5 2 104
2 6 2 132
2 7 0 254
2 8 0 38
2 9 0 85
2 10 0 174
2 11 2 644
2 12 1 192
2 13 2 629
2 14 1 140
2 16 0 286
2 15 2 221
2 18 1 369
2 17 0 361
2 20 2 452
2 19 1 609
2 22 1 638
2 21 0 229
2 24 2 586
2 23 2 239
2 26 2 650
2 25 2 644
2 28 2 647
2 27 1 487
2 30 1 655
2 29 2 659
2 31 0 664
3 0 0 31
3 1 2 46
3 2 0 31
3 3 0 125
3 4 1 131
3 5 2 157
3 6 0 56
3 7 0 176
3 8 0 178
3 9 2 214
3 10 0 390
3 11 1 239
3 12 1 263
3 13 0 527
3 14 0 53
3 16 0 310
3 15 0 294
3 18 0 281
3 17 0 146
3 20 2 380
3 19 0 535
3 22 1 303
3 21 0 406
3 24 0 318
3 23 2 379
3 26 0 264
3 25 0 426
3 28 2 521
3 27 2 406
3 30 0 545
3 29 0 543
3 31 0 550
4 0 0 27
4 1 0 57
4 2 1 27
4 3 2 60
4 4 0 93
4 5 0 61
4 6 1 113
4 7 0 114
4 8 2 53
4 9 1 199
4 10 0 92
4 11 2 66
4 12 2 122
4 13 0 119
4 14 2 89
4 16 0 74
4 15 1 120
4 18 1 164
4 17 2 171
4 20 1 188
4 19 2 138
4 22 0 151
4 21 0 261
4 24 1 183
4 23 1 195
4 26 0 157
4 25 0 253
4 28 0 269
4 27 0 216
4 30 2 265
4 29 0 235
4 31 0 276
5 0 0 70
5 1 0 70
5 2 0 168
5 3 2 475
5 4 2 269
5 5 0 684
5 6 2 615
5 7 2 237
5 8 1 698
5 9 0 259
5 10 0 428
5 11 2 744
5 12 1 645
5 13 0 789
5 14 2 694
5 16 0 819
5 15 1 771
5 18 1 805
5 17 2 576
5 20 1 852
5 19 2 833
5 22 2 688
5 21 2 840
5 24 0 877
5 23 1 768
5 26 0 783
5 25 1 850
5 28 2 810
5 27 0 818
5 30 0 879
5 29 2 857
5 31 0 880
6 0 0 28
6 1 0 28
6 2 0 158
6 3 0 145
6 4 0 149
6 5 1 718
6 6 0 775
6 7 0 168
6 8 0 193
6 9 2 538
6 10 2 636
6 11 2 634
6 12 0 625
6 13 0 574
6 14 0 822
6 16 0 791
6 15 0 732
6 18 0 787
6 17 0 748
6 20 1 795
6 19 2 716
6 22 2 848
6 21 2 769
6 24 0 831
6 23 0 836
6 26 0 824
6 25 2 838
6 28 0 863
6 27 1 856
6 30 0 867
6 29 1 858
6 31 0 876
7 0 0 29
7 1 0 29
7 2 0 35
7 3 0 30
7 4 1 44
7 5 2 35
7 6 0 46
7 7 0 50
7 8 1 51
7 9 2 58
7 10 1 60
7 11 0 51
7 12 0 66
7 13 1 67
7 14 0 60
7 16 1 73
7 15 0 72
7 18 1 36
7 17 2 54
7 20 1 81
7 19 0 72
7 22 1 69
7 21 0 79
7 24 0 83
7 23 0 75
7 26 2 77
7 25 2 74
7 28 1 87
7 27 2 83
7 30 2 86
7 29 0 90
7 31 0 95
8 0 0 34
8 1 2 34
8 2 0 53
8 3 2 77
8 4 1 58
8 5 2 42
8 6 2 224
8 7 0 59
8 8 1 85
8 9 1 132
8 10 2 118
8 11 2 110
8 12 1 148
8 13 2 139
8 14 1 124
8 16 2 62
8 15 2 65
8 18 2 118
8 17 2 173
8 20 2 129
8 19 2 190
8 22 1 175
8 21 0 187
8 24 1 229
8 23 2 197
8 26 1 240
8 25 2 204
8 28 2 245
8 27 2 237
8 30 2 228
8 29 1 235
8 31 0 249
9 0 0 35
9 1 1 37
9 2 2 35
9 3 2 37
9 4 0 47
9 5 0 50
9 6 1 52
9 7 1 63
9 8 2 89
9 9 0 75
9 10 2 53
9 11 1 47
9 12 2 50
9 13 0 74
9 14 0 58
9 16 1 82
9 15 1 51
9 18 1 61
9 17 1 65
9 20 0 76
9 19 1 73
9 22 0 84
9 21 2 75
9 24 2 89
9 23 0 79
9 26 2 91
9 25 2 73
9 28 0 101
9 27 1 85
9 30 0 102
9 29 1 92
9 31 0 104
10 0 0 42
10 1 0 77
10 2 0 43
10 3 2 42
10 4 0 362
10 5 2 99
10 6 2 151
10 7 2 133
10 8 0 51
10 9 2 172
10 10 0 165
10 11 0 221
10 12 1 189
10 13 0 175
10 14 2 233
10 16 2 274
10 15 2 268
10 18 0 370
10 17 0 253
10 20 0 143
10 19 1 375
10 22 1 299
10 21 1 289
10 24 0 207
10 23 2 256
10 26 0 230
10 25 0 382
10 28 1 387
10 27 1 352
10 30 0 390
10 29 1 386
10 31 0 395
11 0 0 184
11 1 0 358
11 2 1 184
11 3 2 550
11 4 0 282
11 5 1 453
11 6 0 375
11 7 0 440
11 8 2 443
11 9 1 396
11 10 0 433
11 11 2 642
11 12 0 729
11 13 2 563
11 14 1 501
11 16 2 507
11 15 0 703
11 18 2 733
11 17 2 737
11 20 1 683
11 19 2 670
11 22 0 743
11 21 0 685
11 24 0 691
11 23 1 707
11 26 2 740
11 25 1 751
11 28 1 758
11 27 1 745
11 30 0 755
11 29 2 758
11 31 0 768
12 0 0 77
12 1 0 143
12 2 0 77
12 3 0 80
12 4 2 303
12 5 2 314
12 6 0 531
12 7 1 169
12 8 2 380
12 9 0 425
12 10 2 185
12 11 2 342
12 12 0 244
12 13 0 534
12 14 1 388
12 16 2 421
12 15 0 552
12 18 2 574
12 17 0 205
12 20 2 554
12 19 0 279
12 22 2 432
12 21 0 565
12 24 2 592
12 23 2 528
12 26 0 571
12 25 0 530
12 28 1 584
12 27 2 576
12 30 0 603
12 29 2 594
12 31 0 605
13 0 0 63
13 1 1 162
13 2 0 336
13 3 2 63
13 4 0 289
13 5 0 341
13 6 2 370
13 7 0 410
13 8 0 392
13 9 0 515
13 10 0 592
13 11 1 753
13 12 2 733
13 13 1 763
13 14 0 672
13 16 0 560
13 15 2 767
13 18 1 627
13 17 2 800
13 20 0 778
13 19 2 789
13 22 0 726
13 21 0 679
13 24 0 764
13 23 0 792
13 26 0 807
13 25 0 793
13 28 0 676
13 27 0 810
13 30 0 804
13 29 0 812
13 31 0 818
14 0 0 57
14 1 2 57
14 2 0 84
14 3 0 100
14 4 2 144
14 5 1 115
14 6 1 77
14 7 2 164
14 8 2 180
14 9 0 117
14 10 2 186
14 11 0 298
14 12 1 151
14 13 2 198
14 14 2 190
14 16 2 175
14 15 2 276
14 18 2 229
14 17 1 263
14 20 0 320
14 19 0 255
14 22 0 276
14 21 0 275
14 24 0 291
14 23 1 235
14 26 2 336
14 25 2 326
14 28 1 340
14 27 2 289
14 30 2 318
14 29 1 347
14 31 0 349
15 0 0 76
15 1 2 106
15 2 1 76
15 3 1 84
15 4 2 143
15 5 0 108
15 6 1 174
15 7 2 97
15 8 0 174
15 9 2 126
15 10 1 149
15 11 2 147
15 12 0 157
15 13 0 248
15 14 0 253
15 16 1 253
15 15 0 133
15 18 0 136
15 17 1 153
15 20 1 201
15 19 2 190
15 22 0 227
15 21 2 210
15 24 1 227
15 23 2 157
15 26 1 214
15 25 2 254
15 28 2 255
15 27 2 218
15 30 2 254
15 29 0 263
15 31 0 265
16 0 0 58
16 1 1 65
16 2 1 201
16 3 0 58
16 4 0 80
16 5 0 97
16 6 1 224
16 7 0 114
16 8 0 220
16 9 2 351
16 10 0 322
16 11 0 377
16 12 0 277
16 13 0 129
16 14 0 327
16 16 0 292
16 15 2 477
16 18 2 328
16 17 1 349
16 20 0 323
16 19 1 406
16 22 2 476
16 21 0 430
16 24 2 457
16 23 0 495
16 26 1 447
16 25 0 307
16 28 0 524
16 27 0 498
16 30 0 486
16 29 1 518
16 31 0 527
17 0 0 95
17 1 2 95
17 2 2 299
17 3 0 123
17 4 0 141
17 5 0 200
17 6 0 164
17 7 2 205
17 8 0 279
17 9 2 529
17 10 2 302
17 11 0 316
17 12 0 505
17 13 0 366
17 14 1 409
17 16 2 650
17 15 1 343
17 18 2 422
17 17 0 402
17 20 0 622
17 19 2 295
17 22 2 606
17 21 0 550
17 24 0 681
17 23 2 549
17 26 0 424
17 25 1 710
17 28 0 709
17 27 1 687
17 30 0 714
17 29 2 597
17 31 0 716
18 0 0 105
18 1 0 115
18 2 2 105
18 3 0 413
18 4 2 134
18 5 0 137
18 6 0 276
18 7 0 152
18 8 0 181
18 9 1 171
18 10 0 332
18 11 0 299
18 12 0 419
18 13 0 297
18 14 0 357
18 16 0 340
18 15 0 391
18 18 1 448
18 17 0 467
18 20 0 204
18 19 0 396
18 22 2 458
18 21 0 474
18 24 0 438
18 23 1 428
18 26 0 469
18 25 0 470
18 28 1 443
18 27 0 467
18 30 0 497
18 29 2 488
18 31 0 501
19 0 0 71
19 1 0 114
19 2 1 71
19 3 2 168
19 4 2 171
19 5 1 120
19 6 2 90
19 7 0 128
19 8 1 128
19 9 0 132
19 10 2 179
19 11 1 261
19 12 2 303
19 13 2 265
19 14 1 419
19 16 0 335
19 15 1 326
19 18 1 428
19 17 2 193
19 20 2 185
19 19 2 467
19 22 2 425
19 21 0 394
19 24 1 418
19 23 2 476
19 26 0 508
19 25 2 439
19 28 1 515
19 27 2 228
19 30 0 509
19 29 1 485
19 31 0 516
