0 0 0 0
0 1 0 0
0 2 0 0
0 3 0 0
0 4 2 3
0 5 2 1
0 6 0 1
0 7 2 19
0 8 2 1
0 9 2 14
0 10 1 9
0 11 1 27
0 12 2 21
0 13 2 3
0 14 2 2
0 15 2 2
0 16 2 34
0 17 2 11
0 18 2 27
0 19 1 22
0 20 2 30
0 21 1 30
0 22 2 34
0 23 2 40
0 24 2 37
0 25 0 49
0 26 0 49
0 27 1 38
0 28 1 52
0 29 2 53
0 30 2 21
0 31 0 58
1 0 0 8
1 1 0 8
1 2 0 8
1 3 0 8
1 4 2 10
1 5 2 9
1 6 0 9
1 7 2 20
1 8 2 9
1 9 2 17
1 10 1 22
1 11 0 40
1 12 2 39
1 13 0 13
1 14 1 11
1 15 2 13
1 16 2 30
1 17 2 22
1 18 2 32
1 19 1 34
1 20 2 36
1 21 1 35
1 22 2 48
1 23 2 44
1 24 2 51
1 25 0 61
1 26 2 53
1 27 1 48
1 28 1 64
1 29 2 63
1 30 2 48
1 31 0 68
2 0 0 16
2 1 1 33
2 2 2 17
2 3 0 23
2 4 0 285
2 5 0 26
2 6 2 239
2 7 2 296
2 8 0 282
2 9 0 288
2 10 2 216
2 11 2 272
2 12 2 284
2 13 0 302
2 14 2 273
2 15 0 289
2 16 2 273
2 17 2 31
2 18 0 282
2 19 1 288
2 20 1 293
2 21 1 293
2 22 0 296
2 23 2 303
2 24 2 295
2 25 2 303
2 26 0 310
2 27 0 311
2 28 1 308
2 29 0 311
2 30 1 313
2 31 0 314
3 0 0 16
3 1 0 17
3 2 0 16
3 3 0 16
3 4 0 23
3 5 0 28
3 6 0 19
3 7 0 36
3 8 0 27
3 9 0 63
3 10 0 31
3 11 0 30
3 12 0 42
3 13 0 73
3 14 0 40
3 15 2 44
3 16 0 62
3 17 0 65
3 18 0 35
3 19 0 55
3 20 0 79
3 21 0 31
3 22 0 57
3 23 0 66
3 24 2 69
3 25 2 66
3 26 2 78
3 27 0 83
3 28 0 88
3 29 1 67
3 30 0 88
3 31 0 92
4 0 0 31
4 1 1 31
4 2 0 31
4 3 0 31
4 4 0 43
4 5 2 36
4 6 0 32
4 7 0 45
4 8 2 47
4 9 2 33
4 10 0 40
4 11 0 40
4 12 1 45
4 13 1 38
4 14 1 49
4 15 1 60
4 16 1 40
4 17 0 32
4 18 0 65
4 19 0 54
4 20 0 40
4 21 1 55
4 22 0 55
4 23 1 56
4 24 0 64
4 25 1 57
4 26 0 62
4 27 1 61
4 28 0 68
4 29 1 67
4 30 1 66
4 31 0 71
5 0 0 32
5 1 0 35
5 2 0 91
5 3 1 113
5 4 0 53
5 5 0 97
5 6 0 102
5 7 0 103
5 8 2 55
5 9 0 101
5 10 0 104
5 11 0 107
5 12 0 106
5 13 0 116
5 14 0 108
5 15 0 109
5 16 0 78
5 17 1 109
5 18 2 117
5 19 0 92
5 20 0 109
5 21 2 111
5 22 0 131
5 23 0 128
5 24 0 107
5 25 0 127
5 26 0 130
5 27 0 136
5 28 1 122
5 29 0 137
5 30 0 136
5 31 0 140
6 0 0 48
6 1 2 56
6 2 2 48
6 3 2 78
6 4 2 108
6 5 1 161
6 6 0 73
6 7 1 171
6 8 2 120
6 9 0 164
6 10 2 115
6 11 0 167
6 12 0 189
6 13 0 223
6 14 0 193
6 15 0 232
6 16 0 215
6 17 2 180
6 18 2 197
6 19 0 219
6 20 0 80
6 21 2 216
6 22 0 224
6 23 1 228
6 24 0 211
6 25 2 232
6 26 1 216
6 27 2 229
6 28 1 232
6 29 0 237
6 30 0 236
6 31 0 240
7 0 0 61
7 1 0 74
7 2 0 117
7 3 0 66
7 4 0 127
7 5 0 140
7 6 0 99
7 7 0 120
7 8 0 110
7 9 0 120
7 10 0 93
7 11 0 142
7 12 0 98
7 13 1 102
7 14 1 146
7 15 2 142
7 16 1 148
7 17 0 148
7 18 1 153
7 19 0 154
7 20 0 162
7 21 0 152
7 22 0 158
7 23 2 151
7 24 1 159
7 25 0 163
7 26 0 156
7 27 0 161
7 28 0 168
7 29 1 131
7 30 0 164
7 31 0 169
8 0 0 71
8 1 0 138
8 2 0 81
8 3 1 96
8 4 2 130
8 5 0 165
8 6 0 165
8 7 0 176
8 8 1 169
8 9 0 174
8 10 2 167
8 11 1 181
8 12 0 168
8 13 1 171
8 14 2 194
8 15 0 176
8 16 0 181
8 17 0 191
8 18 2 142
8 19 2 189
8 20 2 191
8 21 1 197
8 22 1 195
8 23 1 194
8 24 0 186
8 25 2 200
8 26 0 208
8 27 2 195
8 28 2 201
8 29 0 205
8 30 0 209
8 31 0 211
9 0 0 77
9 1 2 251
9 2 0 102
9 3 0 213
9 4 0 240
9 5 0 244
9 6 0 250
9 7 2 229
9 8 0 244
9 9 0 104
9 10 1 249
9 11 0 149
9 12 2 256
9 13 0 211
9 14 0 159
9 15 2 140
9 16 0 248
9 17 2 256
9 18 0 228
9 19 1 251
9 20 1 266
9 21 0 258
9 22 0 261
9 23 1 256
9 24 0 265
9 25 0 266
9 26 0 265
9 27 0 270
9 28 0 271
9 29 1 261
9 30 0 272
9 31 0 273
