0 0 0 0 
0 1 1 0 
0 2 0 0 
0 3 0 0 
0 4 0 4 
0 5 0 3 
0 6 0 6 
0 7 1 1 
0 8 1 4 
0 9 0 1 
0 10 0 4 
0 11 0 3 
0 12 1 7 
0 13 1 1 
0 14 1 11 
0 15 0 4 
0 16 0 16 
0 17 1 16 
0 18 0 6 
0 19 2 3 
0 20 1 7 
0 21 2 5 
0 22 0 8 
0 23 0 11 
0 24 0 14 
0 25 0 22 
0 26 1 14 
0 27 0 18 
0 28 2 22 
0 29 0 17 
0 30 0 25 
0 31 0 29 
1 0 0 12 
1 1 0 12 
1 2 1 12 
1 3 0 12 
1 4 0 16 
1 5 0 17 
1 6 0 17 
1 7 0 20 
1 8 0 23 
1 9 1 19 
1 10 0 20 
1 11 0 23 
1 12 1 27 
1 13 1 24 
1 14 0 29 
1 15 0 31 
1 16 0 33 
1 17 0 19 
1 18 0 33 
1 19 0 23 
1 20 0 16 
1 21 0 31 
1 22 0 29 
1 23 0 24 
1 24 0 25 
1 25 0 27 
1 26 1 35 
1 27 0 31 
1 28 2 42 
1 29 1 42 
1 30 0 33 
1 31 0 50 

