0 0 0 0
0 1 0 0
0 2 2 0
0 3 2 0
0 4 1 7
0 5 2 2
0 6 0 16
0 7 2 10
0 8 1 17
0 9 2 10
0 10 0 20
0 11 0 22
1 0 0 1
1 1 0 1
1 2 0 1
1 3 0 1
1 4 0 2
1 5 1 6
1 6 0 6
1 7 1 7
1 8 1 10
1 9 1 13
1 10 1 13
1 11 0 22
2 0 0 5
2 1 2 20
2 2 0 19
2 3 0 35
2 4 0 22
2 5 1 28
2 6 0 31
2 7 0 33
2 8 0 39
2 9 0 39
2 10 0 35
2 11 0 42
3 0 0 7
3 1 2 7
3 2 2 7
3 3 1 7
3 4 0 17
3 5 2 19
3 6 2 26
3 7 1 17
3 8 1 33
3 9 1 17
3 10 2 26
3 11 0 40
4 0 0 7
4 1 2 7
4 2 1 7
4 3 1 7
4 4 1 15
4 5 0 20
4 6 1 20
4 7 0 21
4 8 0 25
4 9 0 26
4 10 0 26
4 11 0 30

