0 0 0 0
0 1 0 1
0 2 0 0
0 3 0 0
0 4 0 3
0 5 0 5
0 6 0 7
0 7 0 4
0 8 0 16
0 9 1 14
0 10 0 5
0 11 2 9
0 12 1 10
0 13 1 8
0 14 0 21
0 15 2 14
0 16 0 22
0 17 0 25
0 18 1 23
0 19 0 27
0 20 1 18
0 21 0 29
1 0 0 1
1 1 0 1
1 2 1 1
1 3 1 1
1 4 2 8
1 5 0 6
1 6 1 8
1 7 0 25
1 8 0 12
1 9 1 32
1 10 0 16
1 11 1 22
1 12 1 21
1 13 2 18
1 14 2 26
1 15 2 26
1 16 0 35
1 17 0 19
1 18 0 38
1 19 2 31
1 20 0 32
1 21 0 41
2 0 0 2
2 1 2 25
2 2 0 37
2 3 0 45
2 4 0 40
2 5 0 49
2 6 0 32
2 7 0 43
2 8 1 51
2 9 2 38
2 10 0 46
2 11 0 49
2 12 0 57
2 13 0 63
2 14 1 58
2 15 0 51
2 16 2 55
2 17 0 55
2 18 0 66
2 19 0 65
2 20 0 63
2 21 0 68
3 0 0 2
3 1 0 68
3 2 1 71
3 3 0 77
3 4 0 79
3 5 0 71
3 6 0 89
3 7 0 84
3 8 2 79
3 9 0 85
3 10 2 94
3 11 1 95
3 12 0 88
3 13 2 89
3 14 1 99
3 15 0 101
3 16 0 101
3 17 0 95
3 18 0 102
3 19 0 101
3 20 0 103
3 21 0 105
4 0 0 7
4 1 0 8
4 2 1 7
4 3 0 7
4 4 0 9
4 5 2 11
4 6 1 11
4 7 1 10
4 8 2 21
4 9 0 13
4 10 2 10
4 11 2 21
4 12 1 20
4 13 2 22
4 14 0 21
4 15 0 22
4 16 0 29
4 17 0 32
4 18 2 29
4 19 0 35
4 20 0 34
4 21 0 37

