0 0 0 0
0 1 0 3
0 2 1 0
0 3 0 0
0 4 1 3
0 5 0 12
0 6 0 9
0 7 0 5
0 8 0 3
0 9 2 20
0 10 1 6
0 11 2 14
0 12 2 18
0 13 1 9
0 14 0 19
0 15 0 27
0 16 0 34
0 17 0 33
0 18 1 29
0 19 0 32
0 20 0 29
0 21 0 8
0 22 0 18
0 23 1 33
0 24 0 36
0 25 0 38
0 26 0 41
0 27 0 38
0 28 0 41
0 29 0 40
0 30 0 42
0 31 0 44
1 0 0 4
1 1 2 4
1 2 0 4
1 3 0 20
1 4 1 16
1 5 1 9
1 6 2 5
1 7 1 25
1 8 2 5
1 9 0 33
1 10 2 14
1 11 2 34
1 12 0 44
1 13 1 13
1 14 2 24
1 15 1 14
1 16 2 52
1 17 0 30
1 18 1 44
1 19 2 33
1 20 1 47
1 21 2 37
1 22 2 47
1 23 0 58
1 24 2 51
1 25 2 61
1 26 2 59
1 27 2 47
1 28 2 70
1 29 2 69
1 30 2 44
1 31 0 75
2 0 0 9
2 1 2 9
2 2 1 9
2 3 2 14
2 4 1 14
2 5 1 18
2 6 1 14
2 7 1 20
2 8 0 36
2 9 2 18
2 10 0 19
2 11 2 20
2 12 0 28
2 13 0 31
2 14 1 20
2 15 0 28
2 16 0 30
2 17 1 25
2 18 1 34
2 19 0 47
2 20 0 42
2 21 2 44
2 22 0 32
2 23 1 44
2 24 2 18
2 25 1 37
2 26 2 42
2 27 0 50
2 28 1 51
2 29 2 44
2 30 0 51
2 31 0 52
3 0 0 17
3 1 1 58
3 2 0 50
3 3 0 58
3 4 1 64
3 5 0 67
3 6 1 66
3 7 0 81
3 8 0 66
3 9 0 64
3 10 0 73
3 11 0 61
3 12 1 68
3 13 1 73
3 14 0 63
3 15 0 80
3 16 1 88
3 17 0 77
3 18 2 78
3 19 0 81
3 20 1 88
3 21 0 78
3 22 0 89
3 23 1 93
3 24 0 87
3 25 0 65
3 26 0 90
3 27 0 89
3 28 2 92
3 29 0 93
3 30 0 94
3 31 0 96
4 0 0 20
4 1 1 20
4 2 1 20
4 3 0 20
4 4 2 21
4 5 1 21
4 6 1 29
4 7 2 28
4 8 1 32
4 9 0 28
4 10 2 32
4 11 0 29
4 12 2 37
4 13 2 35
4 14 0 37
4 15 2 31
4 16 0 29
4 17 2 44
4 18 2 48
4 19 0 39
4 20 2 42
4 21 2 40
4 22 0 46
4 23 0 37
4 24 1 48
4 25 1 47
4 26 2 44
4 27 1 51
4 28 2 54
4 29 0 56
4 30 0 53
4 31 0 58

