0 0 0 0
0 1 0 2
0 2 0 0
0 3 0 0
0 4 0 3
0 5 0 7
0 6 1 5
0 7 2 2
0 8 2 11
0 9 1 11
0 10 0 13
0 11 0 19
1 0 0 4
1 1 0 4
1 2 0 5
1 3 0 4
1 4 0 6
1 5 2 9
1 6 0 10
1 7 0 17
1 8 0 29
1 9 0 21
1 10 0 28
1 11 0 31
2 0 0 5
2 1 0 46
2 2 1 59
2 3 0 52
2 4 0 69
2 5 0 61
2 6 0 71
2 7 0 56
2 8 0 68
2 9 2 71
2 10 0 73
2 11 0 79
3 0 0 9
3 1 2 84
3 2 0 105
3 3 2 118
3 4 0 95
3 5 2 96
3 6 2 114
3 7 2 118
3 8 1 125
3 9 2 129
3 10 2 129
3 11 0 139
4 0 0 9
4 1 0 9
4 2 0 9
4 3 2 11
4 4 0 19
4 5 0 19
4 6 1 24
4 7 0 18
4 8 0 28
4 9 0 24
4 10 0 20
4 11 0 29
5 0 0 14
5 1 2 141
5 2 2 139
5 3 1 108
5 4 0 151
5 5 0 148
5 6 2 135
5 7 0 161
5 8 0 162
5 9 0 155
5 10 2 151
5 11 0 165
6 0 0 17
6 1 2 79
6 2 1 75
6 3 2 75
6 4 2 85
6 5 2 96
6 6 0 105
6 7 2 96
6 8 0 106
6 9 0 94
6 10 1 108
6 11 0 114
7 0 0 18
7 1 1 31
7 2 1 26
7 3 2 19
7 4 0 35
7 5 0 27
7 6 2 35
7 7 2 28
7 8 0 51
7 9 0 40
7 10 1 46
7 11 0 52
8 0 0 20
8 1 0 167
8 2 1 115
8 3 0 174
8 4 0 165
8 5 0 177
8 6 1 182
8 7 0 180
8 8 2 182
8 9 0 195
8 10 0 192
8 11 0 196
9 0 0 26
9 1 1 39
9 2 0 39
9 3 2 26
9 4 1 44
9 5 0 52
9 6 0 49
9 7 2 36
9 8 0 55
9 9 1 51
9 10 2 52
9 11 0 62

