0 0 0 0 
0 1 0 0 
0 2 0 0 
0 3 1 0 
0 4 1 5 
0 5 2 1 
0 6 2 5 
0 7 2 10 
0 8 2 1 
0 9 2 9 
0 10 0 9 
0 11 1 15 
0 12 2 1 
0 13 0 15 
0 14 0 28 
0 15 2 19 
0 16 0 29 
0 17 1 24 
0 18 2 31 
0 19 2 18 
0 20 1 32 
0 21 0 40 
1 0 0 11 
1 1 0 11 
1 2 0 12 
1 3 0 13 
1 4 0 12 
1 5 0 13 
1 6 0 17 
1 7 0 60 
1 8 2 18 
1 9 0 17 
1 10 0 73 
1 11 2 63 
1 12 1 68 
1 13 0 77 
1 14 0 14 
1 15 1 72 
1 16 0 77 
1 17 0 86 
1 18 1 85 
1 19 0 85 
1 20 0 88 
1 21 0 93 
2 0 0 17 
2 1 0 21 
2 2 0 17 
2 3 2 17 
2 4 0 18 
2 5 0 18 
2 6 0 22 
2 7 0 40 
2 8 1 19 
2 9 0 24 
2 10 0 27 
2 11 0 26 
2 12 1 28 
2 13 0 42 
2 14 1 32 
2 15 0 31 
2 16 0 32 
2 17 1 39 
2 18 0 45 
2 19 0 41 
2 20 0 44 
2 21 0 46 
3 0 0 19 
3 1 2 21 
3 2 1 19 
3 3 0 25 
3 4 0 38 
3 5 0 25 
3 6 2 28 
3 7 0 47 
3 8 2 30 
3 9 1 40 
3 10 0 32 
3 11 0 31 
3 12 2 46 
3 13 1 40 
3 14 1 51 
3 15 2 60 
3 16 0 51 
3 17 0 54 
3 18 1 56 
3 19 0 61 
3 20 1 68 
3 21 0 69 
4 0 0 28 
4 1 0 28 
4 2 2 28 
4 3 0 28 
4 4 0 35 
4 5 1 30 
4 6 0 30 
4 7 2 39 
4 8 2 35 
4 9 0 34 
4 10 2 36 
4 11 0 45 
4 12 1 46 
4 13 2 41 
4 14 1 36 
4 15 0 50 
4 16 0 39 
4 17 0 51 
4 18 0 50 
4 19 2 45 
4 20 0 54 
4 21 0 55 
5 0 0 32 
5 1 0 35 
5 2 2 36 
5 3 0 42 
5 4 2 43 
5 5 2 39 
5 6 0 49 
5 7 1 48 
5 8 1 45 
5 9 0 57 
5 10 1 51 
5 11 0 43 
5 12 1 45 
5 13 1 50 
5 14 0 61 
5 15 0 63 
5 16 0 54 
5 17 0 60 
5 18 0 64 
5 19 0 65 
5 20 0 64 
5 21 0 66 
6 0 0 34 
6 1 0 61 
6 2 0 56 
6 3 0 71 
6 4 0 79 
6 5 0 73 
6 6 0 91 
6 7 0 80 
6 8 1 83 
6 9 1 95 
6 10 1 88 
6 11 0 93 
6 12 0 82 
6 13 1 88 
6 14 0 106 
6 15 0 100 
6 16 0 105 
6 17 2 95 
6 18 0 107 
6 19 1 109 
6 20 0 110 
6 21 0 113 
7 0 0 36 
7 1 1 109 
7 2 0 70 
7 3 0 113 
7 4 1 116 
7 5 2 116 
7 6 0 124 
7 7 2 115 
7 8 2 116 
7 9 0 126 
7 10 2 129 
7 11 2 129 
7 12 0 116 
7 13 2 117 
7 14 2 129 
7 15 2 129 
7 16 2 137 
7 17 2 138 
7 18 1 148 
7 19 1 146 
7 20 2 139 
7 21 0 155 
8 0 0 48 
8 1 0 49 
8 2 1 51 
8 3 0 48 
8 4 0 54 
8 5 0 53 
8 6 0 55 
8 7 0 55 
8 8 1 56 
8 9 1 56 
8 10 0 62 
8 11 1 56 
8 12 0 64 
8 13 1 60 
8 14 1 66 
8 15 0 60 
8 16 0 67 
8 17 1 65 
8 18 0 69 
8 19 1 69 
8 20 0 71 
8 21 0 72 
9 0 0 59 
9 1 2 63 
9 2 1 76 
9 3 0 62 
9 4 1 82 
9 5 0 94 
9 6 0 66 
9 7 0 83 
9 8 0 67 
9 9 0 93 
9 10 2 101 
9 11 0 84 
9 12 2 95 
9 13 2 80 
9 14 0 96 
9 15 0 102 
9 16 0 92 
9 17 0 100 
9 18 0 112 
9 19 0 112 
9 20 2 107 
9 21 0 115 

