0 0 0 0
0 1 0 0
0 2 0 0
0 3 0 0
0 4 0 8
0 5 0 1
0 6 0 5
0 7 0 9
0 8 0 6
0 9 0 6
0 10 1 2
0 11 0 12
0 12 0 21
0 13 1 8
0 14 0 24
0 15 0 11
0 16 0 19
0 17 2 14
0 18 0 21
0 19 0 23
0 20 0 13
0 21 0 31
0 22 0 18
0 23 0 36
0 24 2 16
0 25 1 32
0 26 0 28
0 27 0 39
0 28 0 41
0 29 0 43
0 30 1 42
0 31 0 48
1 0 0 2
1 1 0 4
1 2 0 14
1 3 0 2
1 4 0 10
1 5 0 17
1 6 0 12
1 7 1 24
1 8 1 20
1 9 0 16
1 10 2 8
1 11 2 12
1 12 2 4
1 13 0 18
1 14 0 25
1 15 2 22
1 16 0 22
1 17 1 30
1 18 0 18
1 19 0 31
1 20 0 33
1 21 0 26
1 22 0 30
1 23 0 17
1 24 0 28
1 25 1 33
1 26 0 31
1 27 0 34
1 28 0 34
1 29 0 35
1 30 0 36
1 31 0 41
2 0 0 7
2 1 0 7
2 2 0 7
2 3 0 7
2 4 1 8
2 5 2 12
2 6 0 8
2 7 0 8
2 8 0 16
2 9 0 16
2 10 0 15
2 11 2 11
2 12 0 11
2 13 2 19
2 14 0 20
2 15 0 20
2 16 2 16
2 17 0 19
2 18 1 19
2 19 0 26
2 20 1 12
2 21 0 20
2 22 0 11
2 23 0 20
2 24 0 25
2 25 1 25
2 26 0 30
2 27 2 27
2 28 0 28
2 29 0 35
2 30 1 31
2 31 0 41
3 0 0 23
3 1 0 33
3 2 1 23
3 3 0 23
3 4 1 24
3 5 1 35
3 6 1 24
3 7 0 41
3 8 0 36
3 9 2 34
3 10 0 24
3 11 0 43
3 12 2 34
3 13 1 34
3 14 0 42
3 15 0 35
3 16 0 43
3 17 0 47
3 18 2 45
3 19 1 45
3 20 1 55
3 21 1 41
3 22 0 44
3 23 0 52
3 24 0 51
3 25 2 47
3 26 0 55
3 27 0 56
3 28 0 56
3 29 1 61
3 30 2 61
3 31 0 65
4 0 0 24
4 1 0 27
4 2 0 24
4 3 1 24
4 4 0 26
4 5 1 29
4 6 0 26
4 7 2 29
4 8 0 38
4 9 0 36
4 10 0 42
4 11 0 43
4 12 1 36
4 13 0 39
4 14 0 36
4 15 1 43
4 16 0 37
4 17 0 45
4 18 0 46
4 19 1 47
4 20 2 49
4 21 1 53
4 22 1 51
4 23 0 43
4 24 0 49
4 25 0 60
4 26 0 40
4 27 1 56
4 28 0 59
4 29 2 49
4 30 0 64
4 31 0 66
5 0 0 26
5 1 0 50
5 2 0 33
5 3 0 48
5 4 1 50
5 5 0 53
5 6 0 47
5 7 0 60
5 8 0 55
5 9 0 52
5 10 0 57
5 11 0 62
5 12 2 61
5 13 0 73
5 14 2 67
5 15 0 65
5 16 0 61
5 17 1 53
5 18 0 66
5 19 0 77
5 20 0 63
5 21 0 77
5 22 0 66
5 23 0 70
5 24 0 69
5 25 2 79
5 26 2 80
5 27 0 89
5 28 0 90
5 29 2 81
5 30 2 85
5 31 0 95
6 0 0 28
6 1 0 28
6 2 0 29
6 3 0 28
6 4 1 30
6 5 2 29
6 6 1 42
6 7 0 43
6 8 0 48
6 9 0 29
6 10 2 44
6 11 1 48
6 12 0 48
6 13 2 51
6 14 2 49
6 15 0 51
6 16 0 61
6 17 0 39
6 18 0 52
6 19 2 70
6 20 0 42
6 21 2 42
6 22 0 71
6 23 0 62
6 24 1 64
6 25 2 73
6 26 2 29
6 27 2 57
6 28 1 73
6 29 1 65
6 30 0 81
6 31 0 82
7 0 0 32
7 1 2 32
7 2 1 32
7 3 1 32
7 4 1 42
7 5 0 42
7 6 2 40
7 7 0 46
7 8 0 42
7 9 0 48
7 10 0 52
7 11 0 48
7 12 0 53
7 13 1 46
7 14 0 46
7 15 0 52
7 16 0 49
7 17 0 59
7 18 2 48
7 19 0 56
7 20 0 62
7 21 1 59
7 22 0 59
7 23 2 53
7 24 2 63
7 25 0 63
7 26 2 63
7 27 0 70
7 28 0 71
7 29 0 64
7 30 1 70
7 31 0 72
8 0 0 35
8 1 0 35
8 2 2 36
8 3 0 35
8 4 1 43
8 5 2 51
8 6 2 42
8 7 2 42
8 8 1 61
8 9 1 50
8 10 2 37
8 11 1 54
8 12 2 64
8 13 2 61
8 14 1 54
8 15 1 62
8 16 0 63
8 17 2 69
8 18 1 37
8 19 2 69
8 20 1 89
8 21 2 85
8 22 2 79
8 23 1 72
8 24 2 85
8 25 2 89
8 26 2 93
8 27 2 72
8 28 1 93
8 29 1 94
8 30 0 100
8 31 0 103
9 0 0 36
9 1 0 45
9 2 1 42
9 3 2 95
9 4 1 53
9 5 2 56
9 6 1 69
9 7 1 81
9 8 2 77
9 9 2 105
9 10 0 92
9 11 1 77
9 12 0 83
9 13 2 87
9 14 1 107
9 15 1 92
9 16 2 105
9 17 2 82
9 18 2 101
9 19 1 112
9 20 2 96
9 21 0 104
9 22 1 95
9 23 2 96
9 24 1 112
9 25 1 106
9 26 2 109
9 27 1 108
9 28 1 113
9 29 2 113
9 30 0 117
9 31 0 119
